astr_R11,astr_R12,astr_R13,astr_01,astr_R21,astr_R22,astr_R23,astr_02,astr_R31,astr_R32,astr_R33,astr_03,astr_TX,astr_TY,astr_TZ,astr_1
0.702295757,-0.414009379,0.579117349,0,0.65057576,0.042984455,-0.758223923,0,0.289018772,0.909257153,0.299532267,0,-11.72720834,-3.21892284,2.845531583,1
0.697794297,-0.409403322,0.587768695,0,0.657945041,0.041935491,-0.751897425,0,0.283180935,0.911389233,0.298627232,0,-11.68811271,-3.253388769,2.787296607,1
0.693133284,-0.404806665,0.59640407,0,0.665325713,0.040964822,-0.745428453,0,0.277322819,0.913484235,0.297722364,0,-11.64816227,-3.287826472,2.728563303,1
0.688313118,-0.400225788,0.605016008,0,0.672712264,0.040077293,-0.738817988,0,0.271446608,0.915539802,0.296822523,0,-11.60735438,-3.3222069,2.669330976,1
0.68333451,-0.395667392,0.613596986,0,0.680099124,0.039277824,-0.732067233,0,0.265554379,0.917553577,0.295932939,0,-11.56568672,-3.356499843,2.609597085,1
0.678198502,-0.391138447,0.622139459,0,0.687480669,0.038571379,-0.725177618,0,0.259648071,0.919523226,0.295059173,0,-11.52315718,-3.39067419,2.549357476,1
0.67290644,-0.386646199,0.630635902,0,0.694851267,0.037962956,-0.718150772,0,0.253729463,0.921446434,0.294207119,0,-11.47976374,-3.424697862,2.488605978,1
0.667459973,-0.382198127,0.63907885,0,0.702205294,0.037457561,-0.710988506,0,0.24780014,0.923320921,0.293382971,0,-11.43550426,-3.458537994,2.427334483,1
0.661861061,-0.377801937,0.647460912,0,0.709537146,0.037060199,-0.703692816,0,0.241861478,0.925144442,0.292593211,0,-11.3903764,-3.492160973,2.36553296,1
0.656111946,-0.373465516,0.655774826,0,0.716841272,0.036775842,-0.696265846,0,0.235914612,0.926914799,0.291844565,0,-11.34437743,-3.525532581,2.303189403,1
0.660108402,-0.366488799,0.655700281,0,0.712490359,0.028978756,-0.701083248,0,0.237937779,0.929971071,0.280248856,0,-11.36162849,-3.551459457,2.413828824,1
0.664127706,-0.359647248,0.655429819,0,0.708087698,0.021287419,-0.705803555,0,0.239887897,0.932845487,0.268799356,0,-11.37818958,-3.575721647,2.523807564,1
0.668167563,-0.352948875,0.654965037,0,0.703633783,0.013707602,-0.710430574,0,0.241767672,0.935542192,0.257505727,0,-11.39407388,-3.59833861,2.633055735,1
0.672225777,-0.346401241,0.654307791,0,0.699128966,0.006244701,-0.714968316,0,0.243579955,0.938065661,0.246376991,0,-11.40929557,-3.619333056,2.741508204,1
0.676300245,-0.340011402,0.653460194,0,0.694573456,-0.001096313,-0.719420956,0,0.245327725,0.940420674,0.235421458,0,-11.42386976,-3.638730783,2.849105032,1
0.680388997,-0.333785897,0.652424546,0,0.689967299,-0.008310859,-0.723792826,0,0.247014046,0.942612277,0.224646737,0,-11.4378122,-3.656560539,2.955791718,1
0.68449016,-0.327730667,0.651203371,0,0.685310412,-0.015394811,-0.728088346,0,0.248642032,0.944645759,0.214059641,0,-11.45113896,-3.672853992,3.061519444,1
0.688602016,-0.32185114,0.649799282,0,0.680602507,-0.022344466,-0.732312059,0,0.250214889,0.946526581,0.203666248,0,-11.46386677,-3.687644848,3.166245439,1
0.692723015,-0.316152157,0.648214963,0,0.675843093,-0.029156548,-0.736468607,0,0.25173585,0.948260359,0.19347184,0,-11.4760125,-3.70096907,3.269933368,1
0.678553319,-0.343895938,0.649077019,0,0.685264016,-0.021861795,-0.727966544,0,0.264534726,0.93875324,0.220825119,0,-11.55471854,-3.526303988,3.005838415,1
0.672367799,-0.346363575,0.654181792,0,0.692761596,-0.016901146,-0.7209686,0,0.260773684,0.937948093,0.228583596,0,-11.53618353,-3.527430586,2.88164784,1
0.666176125,-0.348855629,0.659173058,0,0.70014753,-0.011927948,-0.713898565,0,0.256910114,0.937100568,0.236304293,0,-11.51633991,-3.528154576,2.758004042,1
0.659988839,-0.351375815,0.664040488,0,0.707411281,-0.006941456,-0.706768063,0,0.252950612,0.936208766,0.243985932,0,-11.49524764,-3.528446571,2.635011179,1
0.653809206,-0.353925849,0.668782487,0,0.71455109,-0.001941511,-0.699580567,0,0.248898095,0.935271471,0.251628723,0,-11.47293817,-3.528289379,2.512688924,1
0.64764005,-0.356510727,0.673396219,0,0.721565513,0.003074332,-0.692339338,0,0.244756157,0.934286171,0.259236906,0,-11.44944749,-3.52764948,2.391029535,1
0.641483575,-0.359128906,0.677882919,0,0.728454566,0.008104435,-0.685046176,0,0.240526026,0.933252778,0.266807953,0,-11.42479565,-3.526526573,2.270054935,1
0.635341882,-0.361777912,0.682244411,0,0.735218452,0.013146669,-0.677702732,0,0.236208638,0.932171608,0.274338426,0,-11.39900068,-3.524925985,2.149791022,1
0.629216974,-0.364455898,0.686482264,0,0.741857355,0.018199249,-0.670310713,0,0.231805231,0.931042795,0.281825564,0,-11.37208249,-3.522850021,2.030259642,1
0.623110674,-0.367160464,0.690598495,0,0.748371683,0.023260242,-0.66287162,0,0.227316763,0.92986674,0.2892662,0,-11.34405887,-3.520305168,1.911482975,1
0.617022656,-0.369888195,0.694597556,0,0.754763589,0.028325791,-0.655385057,0,0.222744171,0.928644374,0.296655797,0,-11.31494445,-3.517299234,1.793475425,1
0.610953837,-0.372636395,0.698482302,0,0.761034078,0.033393534,-0.647851838,0,0.218088381,0.927376401,0.303990903,0,-11.28475506,-3.513840895,1.676254729,1
0.604906529,-0.375402944,0.702254028,0,0.767183076,0.038462914,-0.640273951,0,0.21334999,0.926063299,0.311269253,0,-11.25350617,-3.509941513,1.55984084,1
0.59888484,-0.378185712,0.705912541,0,0.773208812,0.043533029,-0.632655521,0,0.208530768,0.924705598,0.318487796,0,-11.22122387,-3.505611488,1.444275778,1
0.592894249,-0.380980941,0.709457492,0,0.779108557,0.04860225,-0.625002142,0,0.203632674,0.923304578,0.325641506,0,-11.18793814,-3.50087191,1.329624207,1
0.586938158,-0.383784833,0.712890455,0,0.784881573,0.053669124,-0.617317213,0,0.198656777,0.921861609,0.3327261,0,-11.15367056,-3.495745514,1.215926745,1
0.581019747,-0.386594956,0.716212534,0,0.790527129,0.058732417,-0.609604267,0,0.193605042,0.920377555,0.339738494,0,-11.11844887,-3.490245565,1.103217057,1
0.575138345,-0.389417006,0.719423574,0,0.796046503,0.063791576,-0.60186427,0,0.188483018,0.918849841,0.346683027,0,-11.08232012,-3.484322624,0.991464467,1
0.569296824,-0.392250127,0.722524023,0,0.801439141,0.068845817,-0.594100629,0,0.183293291,0.917278633,0.35355831,0,-11.04531635,-3.477978844,0.880691538,1
0.563499809,-0.395090213,0.725514775,0,0.80670361,0.073894197,-0.586318116,0,0.178037218,0.915665535,0.360360067,0,-11.00746427,-3.471242439,0.770947548,1
0.557751883,-0.397933854,0.728396516,0,0.811838554,0.078936134,-0.578521606,0,0.172716527,0.91401189,0.367084822,0,-10.96879366,-3.464137798,0.662276739,1
0.549594327,-0.389509368,0.739072749,0,0.819284526,0.07819756,-0.568029935,0,0.163459296,0.917696896,0.362095934,0,-10.88665958,-3.536677532,0.604517477,1
0.54120224,-0.381041722,0.74960479,0,0.826619457,0.077530176,-0.557395143,0,0.154273814,0.921301404,0.356936007,0,-10.80357086,-3.609055417,0.548227564,1
0.532583113,-0.372536673,0.759981352,0,0.833835794,0.076938609,-0.546624478,0,0.145165756,0.92482262,0.351610616,0,-10.71957748,-3.681240629,0.493443192,1
0.523744998,-0.364003165,0.770190154,0,0.840926182,0.076429047,-0.53572545,0,0.13614086,0.92825659,0.346129123,0,-10.63473331,-3.753184755,0.440175643,1
0.514696714,-0.355452426,0.780218472,0,0.847883403,0.076008664,-0.52470603,0,0.127204668,0.931598763,0.340503623,0,-10.54909465,-3.824828075,0.388418107,1
0.505446793,-0.346896363,0.790054715,0,0.854700966,0.075683334,-0.513574037,0,0.118362991,0.934844878,0.334746555,0,-10.46272163,-3.896104872,0.338155201,1
0.496004515,-0.33834736,0.799687805,0,0.861372578,0.0754588,-0.502337787,0,0.109621182,0.937990956,0.328871043,0,-10.37567489,-3.966948987,0.289365674,1
0.486380795,-0.329818807,0.809106468,0,0.86789185,0.075343147,-0.49100626,0,0.100982471,0.941032924,0.322892515,0,-10.2880053,-4.037298133,0.242013294,1
0.476587571,-0.321326417,0.818299225,0,0.87425274,0.075348253,-0.479588143,0,0.092446923,0.943966088,0.316830541,0,-10.19974455,-4.107089344,0.196028371,1
0.466636511,-0.312884091,0.82725686,0,0.880449542,0.075479922,-0.468093351,0,0.084017679,0.946787371,0.310700343,0,-10.11094891,-4.176256929,0.15137059,1
0.456539535,-0.304505087,0.835971474,0,0.886477021,0.075742572,-0.456532096,0,0.075697716,0.949494452,0.304516241,0,-10.02167633,-4.24473867,0.108001959,1
0.446308829,-0.296203047,0.844436015,0,0.892330339,0.076138987,-0.44491507,0,0.067490696,0.9520854,0.298292468,0,-9.931993098,-4.312467226,0.065883224,1
0.435956845,-0.287991506,0.852644429,0,0.898005217,0.076672045,-0.433252844,0,0.059399147,0.954558689,0.292043578,0,-9.84195983,-4.379379276,0.024967463,1
0.425496795,-0.279879941,0.860592642,0,0.903497751,0.077344889,-0.421556142,0,0.051422666,0.956914305,0.2857809,0,-9.751618671,-4.445443635,-0.014774825,1
0.41494026,-0.271880863,0.868277247,0,0.908805294,0.078161049,-0.409833855,0,0.043560521,0.959151525,0.279518933,0,-9.661006585,-4.510610755,-0.053409137,1
0.40429747,-0.264007773,0.875695981,0,0.913926187,0.079123397,-0.398093472,0,0.03581173,0.961269673,0.273273007,0,-9.570156212,-4.574824209,-0.091018551,1
0.393579556,-0.256270177,0.882848078,0,0.918858728,0.080233878,-0.386343323,0,0.028173946,0.963269496,0.267054503,0,-9.479093224,-4.638053862,-0.127657835,1
0.382796866,-0.248672368,0.889735136,0,0.923601857,0.081492357,-0.374591252,0,0.02064388,0.965153381,0.26086928,0,-9.38783461,-4.700298495,-0.163350187,1
0.371959567,-0.241219381,0.896358907,0,0.928154824,0.082899438,-0.362844741,0,0.013217534,0.966923417,0.254724171,0,-9.296392005,-4.76155402,-0.198128694,1
0.361076528,-0.233921195,0.902720674,0,0.932517577,0.084456366,-0.3511098,0,0.005891517,0.968580403,0.248630838,0,-9.204778887,-4.821785652,-0.232069128,1
0.362878988,-0.235107603,0.901689112,0,0.931830891,0.088266943,-0.351994514,0,0.003167245,0.967953182,0.251110746,0,-9.192655541,-4.818365954,-0.241178314,1
0.364718308,-0.236283391,0.900639059,0,0.931117796,0.092080583,-0.35290341,0,0.000453844,0.96731139,0.253591144,0,-9.18067757,-4.814893961,-0.250114287,1
0.366595981,-0.237448104,0.899569778,0,0.930377519,0.095898455,-0.353837757,0,-0.002249247,0.966654998,0.256072366,0,-9.168844191,-4.811376441,-0.258871109,1
0.368513263,-0.238608127,0.89847879,0,0.929609353,0.099723977,-0.354797941,0,-0.004942206,0.965982034,0.258561955,0,-9.157156985,-4.807781912,-0.26749629,1
0.370470861,-0.239768358,0.897364182,0,0.928812789,0.103559899,-0.355783854,0,-0.007625233,0.965290879,0.261065842,0,-9.145615646,-4.804085833,-0.276028958,1
0.372468672,-0.240930303,0.896225238,0,0.927987618,0.107407907,-0.35679479,0,-0.010299,0.964580806,0.263586418,0,-9.134213605,-4.800282176,-0.284487759,1
0.37450754,-0.242092582,0.895061609,0,0.927133221,0.111269754,-0.35783101,0,-0.012965052,0.963851764,0.266123437,0,-9.122940022,-4.796384026,-0.292867804,1
0.376587506,-0.243253837,0.893873269,0,0.926249242,0.115148757,-0.358891496,0,-0.015626662,0.963103491,0.268677265,0,-9.111767516,-4.792408733,-0.301175693,1
0.378707214,-0.244415304,0.892660072,0,0.925335857,0.119048239,-0.359973705,0,-0.018286527,0.962335012,0.271250672,0,-9.10066897,-4.788355907,-0.309443058,1
0.380866295,-0.245575868,0.891422099,0,0.924392825,0.122970365,-0.361076439,0,-0.020946841,0.961546038,0.273843837,0,-9.089624177,-4.784237032,-0.317676237,1
0.383060328,-0.246727159,0.890163184,0,0.923421716,0.126906347,-0.362197616,0,-0.02360337,0.960739553,0.276446003,0,-9.078653033,-4.780079793,-0.325814762,1
0.385287521,-0.247860993,0.888886075,0,0.922423047,0.130849932,-0.363337333,0,-0.02625353,0.959918342,0.279047538,0,-9.067770071,-4.775919405,-0.333793561,1
0.387549653,-0.248975972,0.887590126,0,0.921395768,0.134802333,-0.364497146,0,-0.028898189,0.959082529,0.281648004,0,-9.056972479,-4.7717681,-0.341599773,1
0.389846118,-0.250071726,0.886275429,0,0.920339881,0.138761916,-0.365676953,0,-0.03153581,0.958232363,0.284246777,0,-9.046270011,-4.767623,-0.349228954,1
0.392176438,-0.251147909,0.884942015,0,0.919255341,0.142727419,-0.366876684,0,-0.034165178,0.957368065,0.286843388,0,-9.035670254,-4.76348248,-0.356677519,1
0.394541238,-0.252207533,0.883588463,0,0.91814166,0.1466988,-0.368096935,0,-0.036784547,0.956488799,0.289440969,0,-9.025188239,-4.759326307,-0.36396164,1
0.396937825,-0.253249038,0.882216123,0,0.91699986,0.150671363,-0.369336429,0,-0.039390611,0.95559566,0.292036496,0,-9.014842556,-4.75515166,-0.371067931,1
0.399365732,-0.254270812,0.880825389,0,0.915829941,0.154643672,-0.37059527,0,-0.041982513,0.954689315,0.294628206,0,-9.004638376,-4.7509653,-0.377983176,1
0.401824469,-0.255270538,0.87941688,0,0.914631917,0.158614117,-0.371873659,0,-0.044559542,0.953770682,0.297213615,0,-8.994579683,-4.746778519,-0.384688977,1
0.40431595,-0.25624885,0.877989259,0,0.913404737,0.162583288,-0.373173499,0,-0.047121101,0.952839547,0.29979393,0,-8.984676211,-4.742588762,-0.391181129,1
0.403722925,-0.255870165,0.878372506,0,0.913441317,0.166579985,-0.371316669,0,-0.051310421,0.95225079,0.300974539,0,-8.951573688,-4.74659139,-0.408279693,1
0.403150933,-0.255496768,0.878743835,0,0.913449732,0.170571557,-0.369479269,0,-0.055487945,0.951644233,0.302149537,0,-8.918546179,-4.750409854,-0.425201807,1
0.402600276,-0.255129929,0.879102802,0,0.913429978,0.174559875,-0.367660883,0,-0.05965478,0.951019227,0.303321179,0,-8.885586167,-4.75404027,-0.441964966,1
0.402070011,-0.254768982,0.879450096,0,0.913382817,0.178541956,-0.365861449,0,-0.063808592,0.950376523,0.304487977,0,-8.852711302,-4.757479561,-0.458560306,1
0.401555509,-0.254406181,0.879790127,0,0.913310878,0.182507603,-0.364079958,0,-0.067944196,0.949720206,0.305638865,0,-8.819952329,-4.760756287,-0.474923213,1
0.401053291,-0.25403206,0.880127247,0,0.91321549,0.186457924,-0.362313278,0,-0.072067511,0.949052767,0.306765576,0,-8.787251001,-4.763938733,-0.491019522,1
0.400561284,-0.253644868,0.880462912,0,0.913097682,0.190392367,-0.360559801,0,-0.076179274,0.94837494,0.307866352,0,-8.754596405,-4.767037963,-0.50684775,1
0.400077385,-0.253242694,0.880798628,0,0.912958472,0.194310301,-0.358817968,0,-0.080280218,0.947687525,0.30893922,0,-8.721977521,-4.770065956,-0.522404682,1
0.399598993,-0.252824283,0.88113593,0,0.912799015,0.198211947,-0.357085398,0,-0.084371809,0.946990975,0.309983051,0,-8.689375537,-4.773032302,-0.537697437,1
0.399122641,-0.252387426,0.881477002,0,0.912620869,0.202096171,-0.355359378,0,-0.088454888,0.946286281,0.310995189,0,-8.656774208,-4.775949947,-0.55272525,1
0.398647165,-0.251931551,0.881822505,0,0.91242461,0.205962855,-0.353639129,0,-0.092529827,0.945573792,0.311975055,0,-8.624167984,-4.778823025,-0.56748894,1
0.398171664,-0.251456394,0.88217289,0,0.912210701,0.209812011,-0.351924079,0,-0.096596909,0.944853746,0.312922411,0,-8.59155274,-4.781653875,-0.581990307,1
0.397694002,-0.250959262,0.882529847,0,0.911979913,0.213644311,-0.35021243,0,-0.100658428,0.944126876,0.313834867,0,-8.558903668,-4.784462815,-0.59622467,1
0.397211249,-0.250435841,0.882895868,0,0.911733091,0.217461543,-0.348501433,0,-0.104718648,0.943394068,0.314708815,0,-8.526176603,-4.787283549,-0.610185162,1
0.396722202,-0.249884299,0.883271947,0,0.91147073,0.221262925,-0.346790754,0,-0.10877777,0.942656117,0.315542139,0,-8.493366717,-4.790127127,-0.623860286,1
0.396227703,-0.249307992,0.883656683,0,0.911193237,0.225043745,-0.345082887,0,-0.112829487,0.941913392,0.316336322,0,-8.460530476,-4.792961617,-0.637245324,1
0.395726891,-0.248706112,0.884050619,0,0.910901406,0.228800762,-0.343378566,0,-0.116871107,0.941167085,0.317089361,0,-8.42768892,-4.795786927,-0.650323482,1
0.395218846,-0.24807345,0.884455554,0,0.910595299,0.232535307,-0.341677528,0,-0.12090602,0.940418468,0.317796853,0,-8.394810888,-4.798642266,-0.663068716,1
0.394707239,-0.247409801,0.884869813,0,0.910273607,0.236247197,-0.339984149,0,-0.124932603,0.939667841,0.318459091,0,-8.361921403,-4.801529822,-0.67545808,1
0.39420035,-0.246732011,0.885284925,0,0.909932987,0.239945052,-0.338302131,0,-0.128949772,0.938908774,0.319096019,0,-8.329054065,-4.804355202,-0.687597955,1
0.388814813,-0.244692925,0.888227681,0,0.911202334,0.244589102,-0.331491293,0,-0.136137237,0.938243862,0.31806463,0,-8.254094269,-4.834958837,-0.734367246,1
0.383438275,-0.242724079,0.891100505,0,0.912377633,0.249282742,-0.324692423,0,-0.143325308,0.937519672,0.317040565,0,-8.178788743,-4.864954652,-0.780817512,1
0.378063862,-0.240814359,0.8939106,0,0.913461943,0.254019765,-0.317901302,0,-0.150515762,0.936740307,0.316010446,0,-8.103103705,-4.89440215,-0.82689156,1
0.372688098,-0.238960949,0.896661166,0,0.914457656,0.258792758,-0.311116542,0,-0.157704712,0.935908101,0.31496865,0,-8.027063887,-4.923303801,-0.872564393,1
0.367313654,-0.237161288,0.899352658,0,0.915364203,0.263599615,-0.304341287,0,-0.164891043,0.935023939,0.313912691,0,-7.950688482,-4.951670281,-0.917805697,1
0.361944008,-0.235414389,0.901984812,0,0.916180196,0.268442221,-0.297577927,0,-0.172076681,0.934087169,0.312843054,0,-7.873972927,-4.979508433,-0.962609131,1
0.356581914,-0.233718151,0.904557994,0,0.916904292,0.273323087,-0.290828142,0,-0.179264768,0.933097163,0.311759245,0,-7.796899365,-5.006833079,-1.006965657,1
0.351235963,-0.232069833,0.907070499,0,0.917534893,0.278236417,-0.284102474,0,-0.186448432,0.93205584,0.310658805,0,-7.719556392,-5.033649535,-1.050804996,1
0.345908981,-0.230470395,0.909522058,0,0.918071398,0.283183137,-0.277402632,0,-0.193628215,0.930962249,0.309543868,0,-7.641949775,-5.059950265,-1.094136287,1
0.340601519,-0.22892128,0.911913183,0,0.918514021,0.288163707,-0.270728038,0,-0.200804875,0.929815425,0.308416402,0,-7.564076431,-5.085723354,-1.136980262,1
0.335313401,-0.22742445,0.91424452,0,0.918863406,0.293177556,-0.264077567,0,-0.207978279,0.928614581,0.307278369,0,-7.485938935,-5.110951654,-1.179360536,1
0.330042499,-0.225977799,0.916518403,0,0.919121405,0.298219933,-0.257450413,0,-0.215145979,0.92736126,0.306126284,0,-7.407554547,-5.13563838,-1.221263342,1
0.324790619,-0.224586761,0.918733825,0,0.919287584,0.303293308,-0.250845584,0,-0.222309223,0.926052891,0.304966642,0,-7.328919801,-5.159748074,-1.262740344,1
0.319562814,-0.223255473,0.920889028,0,0.919360187,0.308401391,-0.244265078,0,-0.229469942,0.924686745,0.303805809,0,-7.250035144,-5.183254877,-1.303826808,1
0.314361619,-0.221983478,0.922984349,0,0.919338858,0.313543693,-0.237710783,0,-0.236628055,0.923262524,0.30264414,0,-7.170911238,-5.206156797,-1.344519892,1
0.309189274,-0.220773208,0.925019558,0,0.919223795,0.318718755,-0.231183843,0,-0.243781883,0.921779554,0.301484407,0,-7.091572366,-5.228431623,-1.38483626,1
0.304047128,-0.219621971,0.926995973,0,0.919014845,0.323926158,-0.224685467,0,-0.250932379,0.920238031,0.300324669,0,-7.012016308,-5.250091861,-1.424761674,1
0.298937005,-0.218526555,0.928914857,0,0.918711257,0.329167054,-0.218217039,0,-0.258081949,0.918637684,0.29916302,0,-6.932229106,-5.271155066,-1.464281614,1
0.293861366,-0.217491761,0.930775393,0,0.918314064,0.334437613,-0.211779986,0,-0.265225898,0.91697809,0.298004036,0,-6.852264101,-5.291580316,-1.503423844,1
0.288822308,-0.216531167,0.932574892,0,0.917824213,0.33973694,-0.205371679,0,-0.272360771,0.915255738,0.296861154,0,-6.772162521,-5.311272264,-1.542294849,1
0.280707456,-0.205240592,0.937592461,0,0.917278155,0.344889187,-0.199128688,0,-0.282496212,0.915929991,0.285075678,0,-6.673239786,-5.387330997,-1.541859021,1
0.272215567,-0.193992308,0.942478471,0,0.916709486,0.349997242,-0.192732063,0,-0.292476328,0.916443623,0.273109287,0,-6.573670612,-5.46173694,-1.539891904,1
0.263350294,-0.182780276,0.947226474,0,0.916123384,0.355034776,-0.186194129,0,-0.302265725,0.916810601,0.260947797,0,-6.473779436,-5.534524137,-1.536203773,1
0.254134222,-0.1715887,0.9518262,0,0.915502433,0.360032892,-0.179531645,0,-0.311883138,0.917024337,0.248586552,0,-6.373451977,-5.605835534,-1.530645066,1
0.244588836,-0.160402825,0.956267345,0,0.91483309,0.365010662,-0.172764677,0,-0.321335834,0.917081322,0.236019345,0,-6.27267592,-5.675781466,-1.523037005,1
0.234693153,-0.149191255,0.960552494,0,0.914112671,0.369974253,-0.165882722,0,-0.33063144,0.916984744,0.223208041,0,-6.171280446,-5.744555133,-1.513123551,1
0.224436828,-0.137901905,0.964681903,0,0.913326594,0.374951653,-0.158889242,0,-0.339797945,0.916730234,0.210102437,0,-6.068934055,-5.812472775,-1.500486091,1
0.213835175,-0.126529709,0.968640672,0,0.912461833,0.379960538,-0.151800502,0,-0.348837958,0.91630793,0.196702458,0,-5.965632527,-5.87954706,-1.484985554,1
0.202912816,-0.115080674,0.972410833,0,0.911507294,0.385011473,-0.144639619,0,-0.357744102,0.915708799,0.183020636,0,-5.861496965,-5.945719114,-1.466536774,1
0.191707135,-0.10359113,0.975969903,0,0.910452096,0.390115288,-0.137430139,0,-0.366504237,0.914920182,0.169102646,0,-5.756752028,-6.010763676,-1.445304076,1
0.180218802,-0.092140376,0.979301452,0,0.909302903,0.395259054,-0.130148037,0,-0.375085876,0.913936777,0.155016624,0,-5.65168774,-6.074221351,-1.421852909,1
0.168425036,-0.080753114,0.98240111,0,0.908072626,0.400414943,-0.122767992,0,-0.383454187,0.912768759,0.140769594,0,-5.546528817,-6.135950089,-1.396317797,1
0.156333977,-0.069496654,0.985256262,0,0.906772019,0.405556914,-0.115273997,0,-0.391566332,0.911424053,0.126419947,0,-5.441704677,-6.195599001,-1.369177797,1
0.143967243,-0.058356083,0.987860314,0,0.905388758,0.410700331,-0.107686744,0,-0.399430382,0.909900987,0.111962336,0,-5.337213686,-6.253284549,-1.340288727,1
0.131322951,-0.047315604,0.990209834,0,0.90391852,0.415848122,-0.10000824,0,-0.40704495,0.908202385,0.097379854,0,-5.233046252,-6.309113906,-1.30949344,1
0.118417109,-0.036382014,0.992297202,0,0.90234529,0.421026932,-0.092245865,0,-0.414427756,0.906318196,0.082685931,0,-5.129076003,-6.363080035,-1.276842557,1
0.1052647,-0.025520169,0.994116725,0,0.900653733,0.426257168,-0.084425589,0,-0.421594824,0.904241974,0.067854668,0,-5.025185584,-6.415373263,-1.241999669,1
0.091906487,-0.014707775,0.995659017,0,0.898828593,0.431556028,-0.076593441,0,-0.428556132,0.901966228,0.052882567,0,-4.921415065,-6.466103905,-1.204700428,1
0.078395642,-0.004010071,0.99691426,0,0.896868062,0.436919069,-0.06877068,0,-0.435295075,0.899491882,0.037849056,0,-4.818132708,-6.514960992,-1.165449991,1
0.064744769,0.006532916,0.997880472,0,0.894771372,0.442345112,-0.060950756,0,-0.441805735,0.896821121,0.022794066,0,-4.715446754,-6.561769318,-1.124588623,1
0.05013825,0.017662136,0.998586103,0,0.894158631,0.444631084,-0.05275928,0,-0.444934263,0.895539641,0.006500274,0,-4.634994424,-6.60272449,-1.069150354,1
0.035222164,0.028780875,0.998964995,0,0.893419136,0.447026478,-0.044379902,0,-0.447841095,0.894057599,-0.009968145,0,-4.554373474,-6.642445875,-1.011483387,1
0.020059379,0.039861963,0.999003826,0,0.892572301,0.449476307,-0.035857174,0,-0.450457888,0.892402417,-0.026563469,0,-4.474497768,-6.680817924,-0.951741746,1
0.00472707,0.050910087,0.998692054,0,0.891645188,0.451913584,-0.027257481,0,-0.452710186,0.890607812,-0.043257507,0,-4.396425813,-6.717873723,-0.889844244,1
-0.010711673,0.061946585,0.998021984,0,0.890669788,0.454268645,-0.018636691,0,-0.454524574,0.888708399,-0.060039929,0,-4.32116115,-6.753716233,-0.825616987,1
-0.026272291,0.072937641,0.996990405,0,0.889613551,0.456605408,-0.009961516,0,-0.45595778,0.886674462,-0.076882384,0,-4.248038687,-6.788207961,-0.759402254,1
-0.041965646,0.083864049,0.995593143,0,0.888442579,0.458986176,-0.001213721,0,-0.457065277,0.884476405,-0.093770043,0,-4.176423995,-6.821277381,-0.691375542,1
-0.057767096,0.094711838,0.993827264,0,0.887150698,0.46141736,0.007593305,0,-0.457849977,0.882113194,-0.110678414,0,-4.106381912,-6.852882021,-0.621671839,1
-0.073636251,0.105530238,0.991685974,0,0.885774041,0.463826405,0.016413833,0,-0.458237985,0.879618346,-0.127630383,0,-4.038829559,-6.88323749,-0.549897753,1
-0.089474851,0.116326783,0.989172548,0,0.884371574,0.466103875,0.0251813,0,-0.458127898,0.877049176,-0.144580675,0,-3.9752694,-6.91240738,-0.476168732,1
-0.10522125,0.127048755,0.986299702,0,0.88292399,0.468292668,0.0338704,0,-0.457573727,0.874391555,-0.161448733,0,-3.915469074,-6.940214068,-0.401096517,1
-0.120842819,0.137595785,0.983089219,0,0.881383314,0.470487006,0.042490361,0,-0.456684209,0.871613089,-0.178129605,0,-3.858510231,-6.96631193,-0.325663165,1
-0.136462043,0.147977256,0.97953093,0,0.879712683,0.472747795,0.05113822,0,-0.455503794,0.868684208,-0.194689599,0,-3.803318329,-6.990751761,-0.249675713,1
-0.152176505,0.158212764,0.975608032,0,0.87789045,0.475101881,0.059887902,0,-0.454038181,0.865590506,-0.211192819,0,-3.749306117,-7.013618795,-0.172839115,1
-0.16791065,0.168210143,0.97134513,0,0.875905688,0.477564594,0.068711606,0,-0.452322053,0.862344134,-0.227524403,0,-3.696499738,-7.0346435,-0.096077344,1
-0.18361712,0.17790618,0.966764782,0,0.873752167,0.480141898,0.077594516,0,-0.450379734,0.858960505,-0.243608182,0,-3.64490296,-7.053670085,-0.020036877,1
-0.19932379,0.187276321,0.961871928,0,0.871396517,0.482882858,0.086557813,0,-0.448261237,0.85542488,-0.259441975,0,-3.59385254,-7.070657831,0.055160683,1
-0.215029615,0.196278994,0.956680104,0,0.868814938,0.485818883,0.095606566,0,-0.446007699,0.851736209,-0.274995569,0,-3.542925696,-7.085528808,0.129193304,1
-0.230745657,0.204886674,0.951198135,0,0.865983291,0.48897924,0.104748474,0,-0.443654575,0.847891947,-0.290258272,0,-3.491687754,-7.098248624,0.201907887,1
-0.246461348,0.21309169,0.945435738,0,0.862887477,0.492379121,0.113964924,0,-0.441227839,0.843892608,-0.305226573,0,-3.439921268,-7.108841579,0.273313377,1
-0.253085916,0.233036754,0.938957609,0,0.863226948,0.492592057,0.110418754,0,-0.436791432,0.838478943,-0.325831717,0,-3.447878718,-7.156749268,0.466577732,1
-0.259906508,0.253094381,0.931875443,0,0.86356752,0.492743625,0.107027368,0,-0.432087659,0.832554475,-0.346631362,0,-3.457079186,-7.200818953,0.663587457,1
-0.266908642,0.273217389,0.924181819,0,0.863896743,0.492858328,0.103793473,0,-0.427132525,0.826101039,-0.36757976,0,-3.467410799,-7.240784598,0.86399801,1
-0.274076054,0.293356113,0.915873631,0,0.864205017,0.492955645,0.100719516,0,-0.42193839,0.819107394,-0.388627163,0,-3.478811039,-7.276404106,1.067413455,1
-0.281391797,0.313457039,0.906952778,0,0.864481897,0.493056698,0.097806659,0,-0.416520956,0.811566249,-0.409720046,0,-3.491190508,-7.307455807,1.273389501,1
-0.288840244,0.333465257,0.897425337,0,0.864715052,0.493186146,0.095054216,0,-0.410900465,0.80347268,-0.430804434,0,-3.504409502,-7.333744747,1.481466461,1
-0.296406151,0.3533243,0.887302278,0,0.864892833,0.493367354,0.092461028,0,-0.405097249,0.794827398,-0.451824773,0,-3.51832822,-7.355109259,1.691151472,1
-0.304076918,0.372979268,0.876597795,0,0.865003103,0.49362447,0.090025077,0,-0.399132635,0.78563436,-0.472728032,0,-3.532784689,-7.371424032,1.90196055,1
-0.311857583,0.392396402,0.865314921,0,0.865036957,0.493974014,0.087753842,0,-0.393008793,0.775896086,-0.493486931,0,-3.547701986,-7.382619764,2.113629805,1
-0.319718486,0.411533367,0.853475469,0,0.864995375,0.494418953,0.085632356,0,-0.386733876,0.765630581,-0.514049339,0,-3.563154746,-7.388658685,2.325697506,1
-0.327637644,0.430342897,0.841105561,0,0.864873792,0.494970795,0.083649484,0,-0.380324727,0.754856876,-0.534363358,0,-3.57909035,-7.389522001,2.537669588,1
-0.335603759,0.448781915,0.828229986,0,0.864665122,0.495644103,0.081799448,0,-0.373797196,0.743593784,-0.554386093,0,-3.595404669,-7.385220455,2.749109588,1
-0.343607256,0.466810216,0.81487562,0,0.864362177,0.496453354,0.080075556,0,-0.367167647,0.731862207,-0.574078069,0,-3.61198129,-7.375794561,2.959602442,1
-0.351642961,0.484395999,0.801066629,0,0.863959315,0.497409601,0.078472863,0,-0.360446292,0.719683406,-0.593409021,0,-3.628739131,-7.361313209,3.168812548,1
-0.359695509,0.501510367,0.786833205,0,0.863456788,0.49851402,0.076981473,0,-0.353640377,0.707086362,-0.612345785,0,-3.645691929,-7.34188063,3.376373277,1
-0.36776177,0.518120078,0.772206492,0,0.862846282,0.499781638,0.075595032,0,-0.346767321,0.694096463,-0.630858562,0,-3.66268072,-7.317607594,3.581926338,1
-0.37584485,0.534182254,0.757225176,0,0.862112516,0.501238841,0.074307692,0,-0.339856819,0.680741466,-0.648913245,0,-3.679390619,-7.288625446,3.785041559,1
-0.383947027,0.549672866,0.741919416,0,0.861249323,0.502895261,0.073116078,0,-0.332917834,0.667050296,-0.666490524,0,-3.695714264,-7.255094398,3.985437816,1
-0.392068118,0.564572545,0.726319786,0,0.860252191,0.504757512,0.072014043,0,-0.325958216,0.653052598,-0.683574096,0,-3.711571204,-7.217189965,4.182867262,1
-0.400210994,0.578858808,0.710460161,0,0.85911335,0.506837147,0.07099548,0,-0.318991242,0.638778981,-0.700147128,0,-3.72680993,-7.175101139,4.377062159,1
-0.409655615,0.581666676,0.702741884,0,0.855344065,0.512714099,0.074234644,0,-0.317125854,0.631496738,-0.707561349,0,-3.681141066,-7.153465232,4.448096522,1
-0.419059832,0.584331354,0.694942965,0,0.85152287,0.518565236,0.07745255,0,-0.315115309,0.624217081,-0.714881373,0,-3.636614604,-7.131085361,4.518830362,1
-0.428418894,0.586854671,0.687065388,0,0.847651826,0.524387443,0.080648565,0,-0.312959475,0.6169436,-0.722105921,0,-3.59326182,-7.107986421,4.589246752,1
-0.437727974,0.589238215,0.679111587,0,0.843732924,0.53017794,0.083821866,0,-0.310658935,0.60967998,-0.729233397,0,-3.551108283,-7.084194304,4.6593249,1
-0.446982027,0.591483892,0.671084103,0,0.839768443,0.535933673,0.086971611,0,-0.308214261,0.602429999,-0.736262226,0,-3.510181897,-7.059735983,4.729043827,1
-0.456174118,0.593598086,0.662983021,0,0.835763364,0.54164765,0.090096739,0,-0.305621944,0.59519672,-0.743193172,0,-3.470563073,-7.034637443,4.798413774,1
-0.465298987,0.595583926,0.654810384,0,0.831720738,0.547316188,0.093196587,0,-0.302881935,0.587983653,-0.750025171,0,-3.432288827,-7.008926597,4.867419489,1
-0.474354044,0.597440883,0.646569897,0,0.827641185,0.55293925,0.096271771,0,-0.299997182,0.58079478,-0.75675565,0,-3.395349817,-6.982632994,4.936020634,1
-0.48333657,0.599171836,0.638262384,0,0.823526848,0.558514412,0.099323629,0,-0.296966819,0.573632951,-0.763384534,0,-3.359774176,-6.95578326,5.004207432,1
-0.492242404,0.600779049,0.629890427,0,0.819380189,0.564039084,0.102352419,0,-0.293791631,0.566501937,-0.769910406,0,-3.325584755,-6.928407909,5.071955544,1
-0.501067484,0.602263302,0.621458197,0,0.815202916,0.569512012,0.105357834,0,-0.290474751,0.559405919,-0.776330752,0,-3.292781925,-6.900539368,5.139226684,1
-0.509807597,0.603625471,0.612970232,0,0.810996618,0.574932345,0.108338751,0,-0.287020384,0.552348703,-0.782643092,0,-3.261357639,-6.872209123,5.205984381,1
-0.518458287,0.60487009,0.604427977,0,0.806764764,0.580296484,0.111295131,0,-0.283428334,0.545333077,-0.788847396,0,-3.231348041,-6.843446152,5.272221984,1
-0.527015842,0.606001096,0.595833008,0,0.802510248,0.585601801,0.114227108,0,-0.27969913,0.538361591,-0.794943516,0,-3.202777711,-6.814278697,5.337930566,1
-0.535476056,0.607021677,0.58718828,0,0.79823617,0.590845492,0.11713506,0,-0.275834028,0.531437944,-0.800930272,0,-3.17566844,-6.784740009,5.403085604,1
-0.543832737,0.607933388,0.578500605,0,0.793946252,0.596024188,0.120018818,0,-0.271836907,0.524568549,-0.8068039,0,-3.15003264,-6.754875235,5.467626163,1
-0.552079926,0.60873826,0.569776698,0,0.789644352,0.60113452,0.122878338,0,-0.267711696,0.517759616,-0.812561031,0,-3.125881803,-6.72473015,5.531494405,1
-0.560214932,0.609438655,0.561020281,0,0.785332548,0.606175481,0.125714261,0,-0.263461608,0.511014493,-0.818200568,0,-3.103210961,-6.694338473,5.594661892,1
-0.568235467,0.610036986,0.55223485,0,0.781012617,0.611146556,0.128526959,0,-0.259090228,0.504335962,-0.823721732,0,-3.082009086,-6.66373155,5.657104835,1
-0.576139308,0.610535271,0.543424494,0,0.776686156,0.616047526,0.131316645,0,-0.254601872,0.497726962,-0.829123488,0,-3.062258216,-6.632941502,5.718795276,1
-0.576787606,0.611375508,0.541789669,0,0.775383347,0.618472495,0.127563467,0,-0.257092829,0.493671714,-0.830777658,0,-3.030493113,-6.619455633,5.747619992,1
-0.577433875,0.612206272,0.540160717,0,0.774072129,0.620875137,0.12379985,0,-0.259581314,0.489609584,-0.832406149,0,-2.998721276,-6.605780322,5.776252016,1
-0.578075813,0.613024828,0.538543327,0,0.772752693,0.623255406,0.12002489,0,-0.262071802,0.485544292,-0.834005462,0,-2.966918265,-6.59193237,5.804640725,1
-0.57871456,0.61383129,0.536936315,0,0.771424451,0.625613857,0.116239485,0,-0.264563366,0.481475284,-0.835576314,0,-2.935083995,-6.577910061,5.832793825,1
-0.579351247,0.614625702,0.535338565,0,0.770086782,0.627951109,0.112444443,0,-0.2670552,0.477401981,-0.837119387,0,-2.903217285,-6.563711412,5.860718794,1
-0.579986404,0.615409088,0.533748467,0,0.76873992,0.630266704,0.108640769,0,-0.26954537,0.473323923,-0.838635653,0,-2.87133228,-6.549335509,5.888426964,1
-0.580623906,0.616179816,0.532163804,0,0.76738092,0.632564055,0.104829573,0,-0.272033827,0.469238906,-0.840126447,0,-2.839399898,-6.534770347,5.915935086,1
-0.581268486,0.616936564,0.530581025,0,0.766006558,0.634846787,0.101012427,0,-0.274519399,0.465143885,-0.841593884,0,-2.807394899,-6.519999686,5.943270408,1
-0.581921087,0.617679431,0.528999025,0,0.7646165,0.637115103,0.097190294,0,-0.277000823,0.461038464,-0.843038599,0,-2.775321751,-6.505021782,5.970439263,1
-0.58258262,0.618408508,0.527416731,0,0.763210465,0.639369156,0.093364172,0,-0.279476792,0.456922312,-0.844461203,0,-2.743185587,-6.489835142,5.997447542,1
-0.583254184,0.619123252,0.525833582,0,0.761787813,0.641609539,0.089535067,0,-0.2819466,0.452795317,-0.845861996,0,-2.710984409,-6.474438874,6.024296167,1
-0.583936937,0.619822858,0.524249252,0,0.760347821,0.643836929,0.085704142,0,-0.284409642,0.448657591,-0.847241124,0,-2.678714764,-6.458833008,6.050983112,1
-0.584631747,0.620507188,0.522662941,0,0.758890199,0.646051523,0.081872437,0,-0.286864753,0.444509009,-0.848599054,0,-2.646380796,-6.443016852,6.07751161,1
-0.585340783,0.621175874,0.521072645,0,0.757413892,0.648254369,0.078041452,0,-0.289310152,0.440348505,-0.849936957,0,-2.61398259,-6.426984382,6.103894339,1
-0.586065026,0.621829015,0.519477104,0,0.755918733,0.650445534,0.074212368,0,-0.291744159,0.436175748,-0.85125558,0,-2.581528391,-6.410733826,6.130138354,1
-0.586804389,0.622467629,0.517875139,0,0.754405419,0.652624182,0.07038566,0,-0.294165044,0.431990425,-0.852555687,0,-2.549035285,-6.394264269,6.156253329,1
-0.587557385,0.623091574,0.516268544,0,0.752874145,0.654790345,0.066559192,0,-0.296575187,0.427792584,-0.853836439,0,-2.516491773,-6.377575711,6.182232824,1
-0.588323702,0.623699637,0.514659095,0,0.751324509,0.656944509,0.06273272,0,-0.298976091,0.423583138,-0.85509685,0,-2.483885497,-6.360672132,6.208061579,1
-0.589102272,0.624290259,0.513049886,0,0.749756508,0.65908666,0.058906321,0,-0.301369693,0.419364338,-0.856335133,0,-2.451205752,-6.343564549,6.233710428,1
-0.589893376,0.624861593,0.511442855,0,0.748169122,0.661217928,0.055080094,0,-0.30375775,0.415137134,-0.857550225,0,-2.418432865,-6.32625699,6.259161301,1
-0.590016026,0.625447867,0.510584033,0,0.749652901,0.659217737,0.058758003,0,-0.299835984,0.417428965,-0.857817837,0,-2.454280235,-6.339594311,6.239275505,1
-0.590130369,0.626042001,0.509723024,0,0.751127978,0.657196378,0.062447436,0,-0.295893407,0.419719352,-0.858069203,0,-2.490295847,-6.352872006,6.219225762,1
-0.590236037,0.626643876,0.508860366,0,0.752594456,0.655153351,0.066148861,0,-0.291929796,0.422008932,-0.858303825,0,-2.526483598,-6.36609273,6.199003723,1
-0.590331892,0.627253787,0.507996992,0,0.754052699,0.653087965,0.06986155,0,-0.2879458,0.424298004,-0.858521066,0,-2.5628449,-6.379257545,6.178602846,1
-0.590417191,0.627871646,0.507133845,0,0.755502774,0.650999842,0.073585077,0,-0.28394207,0.426586921,-0.858720269,0,-2.59937816,-6.392367415,6.158015175,1
-0.590492693,0.628498445,0.506268786,0,0.756944532,0.648888751,0.077319884,0,-0.279916694,0.428874216,-0.858902527,0,-2.63609452,-6.405414281,6.137257542,1
-0.590558779,0.629134933,0.5054004,0,0.758377707,0.646754666,0.081065743,0,-0.275868776,0.431158483,-0.859068554,0,-2.6729982,-6.41839021,6.116343116,1
-0.590615152,0.629781614,0.504528355,0,0.759802527,0.644596914,0.084822982,0,-0.271797466,0.433439658,-0.859218366,0,-2.710098214,-6.431294425,6.09527219,1
-0.590661646,0.630438464,0.503652819,0,0.761218771,0.642415385,0.08859151,0,-0.267702824,0.435717587,-0.859351722,0,-2.747393873,-6.444125201,6.074042364,1
-0.590696098,0.63110399,0.502778156,0,0.762626164,0.640210403,0.092368689,0,-0.263589558,0.437993601,-0.859466201,0,-2.78485619,-6.456887601,6.052624597,1
-0.59072049,0.631779594,0.501900237,0,0.764023994,0.637982354,0.096155356,0,-0.259454502,0.440264763,-0.859564017,0,-2.822498441,-6.469566241,6.031052302,1
-0.590735677,0.632467264,0.501015489,0,0.765412525,0.635730395,0.099952643,0,-0.255294,0.442529123,-0.859646991,0,-2.86034696,-6.482151536,6.009351889,1
-0.590739782,0.633166617,0.500126529,0,0.766792479,0.633453286,0.10376044,0,-0.251109146,0.44478868,-0.859713456,0,-2.89840441,-6.494652908,5.98749824,1
-0.590732908,0.633882265,0.499227308,0,0.768166111,0.631147303,0.107582094,0,-0.246891588,0.447041783,-0.859766356,0,-2.936746609,-6.507063285,5.965529599,1
-0.590713712,0.634617021,0.49831571,0,0.769534854,0.62881016,0.111417639,0,-0.242638451,0.449287234,-0.859806701,0,-2.975408745,-6.519376709,5.943463881,1
-0.590681367,0.635371058,0.497392342,0,0.770898645,0.626441462,0.115266534,0,-0.238350166,0.451524876,-0.859833987,0,-3.014390969,-6.531591053,5.921296453,1
-0.590635367,0.636143246,0.496459096,0,0.772256652,0.624041848,0.119127808,0,-0.234028901,0.453754936,-0.859847039,0,-3.053674827,-6.543705476,5.89901303,1
-0.590573248,0.636933453,0.495518936,0,0.773609037,0.621611274,0.122997896,0,-0.229678682,0.455977193,-0.859844464,0,-3.093239869,-6.555717357,5.876602879,1
-0.590493473,0.637740917,0.494574546,0,0.774955666,0.619149797,0.126874916,0,-0.225302404,0.458192157,-0.859824851,0,-3.133069356,-6.567627393,5.854049753,1
-0.590395862,0.638564958,0.493626904,0,0.776296066,0.616657559,0.130758833,0,-0.220900753,0.460400098,-0.859787536,0,-3.173156728,-6.57943514,5.831343987,1
-0.592477064,0.63928425,0.490190347,0,0.775868562,0.61657376,0.133659168,0,-0.216792305,0.459513271,-0.861306363,0,-3.195076873,-6.575095933,5.841945797,1
-0.594571087,0.639983615,0.486730105,0,0.775409424,0.616510405,0.136583841,0,-0.212662754,0.458623913,-0.862808588,0,-3.216979819,-6.570726369,5.85242702,1
-0.596678323,0.640662772,0.483245477,0,0.774917998,0.616467829,0.13953319,0,-0.20851157,0.457732048,-0.864294104,0,-3.238865428,-6.566326688,5.862788662,1
-0.598799268,0.64132123,0.479735882,0,0.774393438,0.616446626,0.142507405,0,-0.204338542,0.456837649,-0.865762741,0,-3.260729734,-6.561896762,5.873031287,1
-0.600935191,0.641957133,0.47620157,0,0.773833972,0.616448511,0.145506759,0,-0.200144647,0.455941085,-0.867213842,0,-3.28255191,-6.557437931,5.883147265,1
-0.603086535,0.642569596,0.472642514,0,0.773238664,0.616474147,0.14853146,0,-0.19593009,0.455042789,-0.868646913,0,-3.304324511,-6.552952276,5.893131913,1
-0.6052536,0.643158406,0.469057933,0,0.772606917,0.616523687,0.151581971,0,-0.191694108,0.454142938,-0.870061814,0,-3.326049891,-6.548440819,5.902985851,1
-0.60743662,0.643723249,0.465447239,0,0.771938085,0.616597378,0.154658548,0,-0.187436244,0.453241716,-0.871458319,0,-3.347728068,-6.54390457,5.912708985,1
-0.609635924,0.644263873,0.461809595,0,0.771231489,0.616695437,0.157761621,0,-0.183155757,0.452339253,-0.872836278,0,-3.369360784,-6.539344281,5.922302252,1
-0.611851807,0.644780009,0.458144198,0,0.770486436,0.616818083,0.160891591,0,-0.178851945,0.451435702,-0.87419551,0,-3.390949558,-6.534760773,5.93176631,1
-0.614084588,0.645271345,0.454450229,0,0.769702184,0.616965574,0.164048863,0,-0.174524116,0.450531212,-0.875535813,0,-3.412495515,-6.530154839,5.941101729,1
-0.61633464,0.645737579,0.450726736,0,0.768877935,0.617138192,0.167233887,0,-0.170171478,0.44962588,-0.876857022,0,-3.434000132,-6.525526977,5.950309751,1
-0.618602925,0.646178926,0.446971159,0,0.768012666,0.617336359,0.170447545,0,-0.165791936,0.448718861,-0.878159677,0,-3.455471695,-6.5208731,5.959403037,1
-0.620890537,0.646595301,0.443181067,0,0.767105115,0.617560757,0.173690687,0,-0.161383653,0.447809367,-0.879444192,0,-3.476914877,-6.516189261,5.968392713,1
