calc_R11,calc_R12,calc_R13,calc_01,calc_R21,calc_R22,calc_R23,calc_02,calc_R31,calc_R32,calc_R33,calc_03,calc_TX,calc_TY,calc_TZ,calc_1
0.875376476,-0.24027969,-0.419501724,0,-0.294545613,0.423007369,-0.856917527,0,0.383352198,0.873687837,0.299517371,0,-9.550814406,-5.466769108,8.124369333,1
0.876470548,-0.24155027,-0.416476706,0,-0.289294154,0.427237671,-0.856607766,0,0.384848375,0.871275754,0.304582155,0,-9.588588997,-5.454614867,8.063722175,1
0.877573727,-0.242806491,-0.413411854,0,-0.284006795,0.431438141,-0.856271727,0,0.386269975,0.868853347,0.309660084,0,-9.625877534,-5.442326996,8.002667814,1
0.87868627,-0.244047775,-0.410306133,0,-0.278683611,0.435608668,-0.855909185,0,0.38761564,0.866421244,0.31475124,0,-9.662668885,-5.429913456,7.94119969,1
0.87980843,-0.245273529,-0.407158472,0,-0.273324666,0.439749167,-0.855519899,0,0.388883984,0.863980073,0.319855719,0,-9.698951695,-5.41738239,7.879310874,1
0.880940458,-0.246483156,-0.403967776,0,-0.267930024,0.443859567,-0.855103612,0,0.390073599,0.861530463,0.324973612,0,-9.734714409,-5.404742021,7.816994305,1
0.882082596,-0.247676045,-0.400732917,0,-0.26249974,0.447939821,-0.854660051,0,0.391183052,0.859073043,0.330105023,0,-9.769945249,-5.392000713,7.754242605,1
0.883235082,-0.248851581,-0.397452741,0,-0.257033867,0.451989901,-0.854188926,0,0.392210889,0.85660844,0.335250053,0,-9.804632211,-5.379166917,7.691048211,1
0.88439814,-0.250009145,-0.394126069,0,-0.251532457,0.456009794,-0.853689927,0,0.393155636,0.854137281,0.340408799,0,-9.838763067,-5.366249152,7.627403424,1
0.885571981,-0.251148113,-0.390751702,0,-0.245995559,0.459999518,-0.853162721,0,0.394015802,0.851660184,0.345581364,0,-9.872325392,-5.353255993,7.563300284,1
0.884753607,-0.253677224,-0.390971765,0,-0.244321475,0.461924229,-0.852603673,0,0.396885464,0.849866973,0.346710334,0,-9.904189671,-5.332324764,7.551925934,1
0.883935816,-0.25619025,-0.391182858,0,-0.242624876,0.46386223,-0.852035798,0,0.399738217,0.848055651,0.347866312,0,-9.935989764,-5.311359302,7.540234514,1
0.883118897,-0.25868699,-0.391384791,0,-0.240905403,0.465813676,-0.851458869,0,0.40257372,0.846226128,0.349049767,0,-9.967725377,-5.290360361,7.52822007,1
0.882303296,-0.261166976,-0.391577202,0,-0.239162567,0.467778872,-0.850872607,0,0.405391368,0.844378314,0.350261476,0,-9.99939508,-5.26933053,7.515872907,1
0.881489574,-0.263629556,-0.391759605,0,-0.237395787,0.46975822,-0.850276693,0,0.408190362,0.84251212,0.351502427,0,-10.03099666,-5.248273682,7.503180693,1
0.88067807,-0.266074493,-0.391931757,0,-0.235604646,0.471751912,-0.849670868,0,0.410970301,0.840627443,0.352773176,0,-10.06252969,-5.227190768,7.490136339,1
0.879869257,-0.268501495,-0.39209315,0,-0.23378854,0.473760061,-0.849054959,0,0.4137306,0.838724241,0.35407434,0,-10.09399349,-5.206083247,7.476731318,1
0.879063535,-0.270910296,-0.392243435,0,-0.231946978,0.475782829,-0.848428724,0,0.416470768,0.836802433,0.355406511,0,-10.1253874,-5.184952295,7.462957794,1
0.878261227,-0.273300681,-0.392382409,0,-0.230079634,0.477820294,-0.847791914,0,0.419190385,0.834861967,0.356770117,0,-10.15671048,-5.163798777,7.448810052,1
0.877462678,-0.275672427,-0.392509825,0,-0.22818611,0.479872607,-0.84714425,0,0.421889024,0.832902752,0.358165684,0,-10.18796206,-5.142623519,7.434281154,1
0.88342334,-0.277703936,-0.377417178,0,-0.214863766,0.475705815,-0.852958111,0,0.416409371,0.83461638,0.360581106,0,-10.23647027,-5.130678282,7.355523126,1
0.889085076,-0.279730352,-0.362323968,0,-0.201549747,0.471450928,-0.858552108,0,0.410981054,0.83635217,0.362780403,0,-10.2839516,-5.118625436,7.277862093,1
0.89445288,-0.281745813,-0.347236723,0,-0.188249877,0.467110688,-0.863926842,0,0.405605755,0.838109123,0.364769886,0,-10.33042297,-5.106494816,7.20127635,1
0.899533143,-0.283742347,-0.332160209,0,-0.174969299,0.462687969,-0.869083188,0,0.400282236,0.839886971,0.366556964,0,-10.3758846,-5.094333603,7.125726711,1
0.904330949,-0.285714645,-0.317100418,0,-0.161714916,0.458182422,-0.874023543,0,0.395011164,0.841686408,0.368144225,0,-10.42034088,-5.082172448,7.051228444,1
0.908853865,-0.287657191,-0.302056273,0,-0.148486831,0.453593971,-0.878751484,0,0.389790088,0.843508062,0.369537329,0,-10.46380646,-5.070043551,6.977739047,1
0.913107339,-0.28956761,-0.287028896,0,-0.135287454,0.448919354,-0.8832716,0,0.384619673,0.845353188,0.370736691,0,-10.50630468,-5.057957892,6.905277121,1
0.917093152,-0.291445738,-0.272028551,0,-0.12212409,0.444161935,-0.887584296,0,0.379507388,0.847218719,0.371745323,0,-10.5478833,-5.045902107,6.833866762,1
0.920815573,-0.293288781,-0.257061026,0,-0.109001931,0.439322931,-0.891691618,0,0.374455951,0.849103676,0.372566354,0,-10.58856785,-5.033886062,6.763515496,1
0.924281423,-0.295088811,-0.242128984,0,-0.095921267,0.434413102,-0.89559163,0,0.369463072,0.851004025,0.373214667,0,-10.62836962,-5.021952202,6.694096722,1
0.927493036,-0.296844694,-0.227244131,0,-0.082891862,0.429435592,-0.899285278,0,0.364534781,0.852917522,0.373692512,0,-10.66731724,-5.010097941,6.625650422,1
0.930449216,-0.298564908,-0.212422343,0,-0.069925361,0.424389307,-0.902775808,0,0.359686947,0.854840752,0.373995439,0,-10.70550272,-4.998248202,6.558304597,1
0.93315115,-0.30025634,-0.197674129,0,-0.057025638,0.419281113,-0.906063698,0,0.354932399,0.856766875,0.374130344,0,-10.74303198,-4.986334659,6.492050267,1
0.935599691,-0.301927999,-0.183010112,0,-0.044195963,0.414118059,-0.909149575,0,0.350285505,0.85868837,0.374104729,0,-10.78002508,-4.974273646,6.426874377,1
0.937796548,-0.303587232,-0.168441169,0,-0.031443422,0.408900748,-0.912037,0,0.345758508,0.860601517,0.373919888,0,-10.81657329,-4.961998874,6.362830854,1
0.939744624,-0.305238709,-0.153978476,0,-0.018776289,0.403630685,-0.914729316,0,0.341361234,0.862503102,0.373578516,0,-10.85274764,-4.94946496,6.29996196,1
0.94144818,-0.306883878,-0.139633842,0,-0.006205346,0.398308371,-0.917230579,0,0.337100605,0.864391536,0.37308237,0,-10.88859004,-4.93665269,6.238324616,1
0.942915181,-0.308518837,-0.125407687,0,0.006268535,0.392937334,-0.919543885,0,0.332973972,0.866265767,0.372440539,0,-10.92411211,-4.923584672,6.177851561,1
0.944151474,-0.310143366,-0.11130627,0,0.018640669,0.3875223,-0.921671847,0,0.328984071,0.868123009,0.371661031,0,-10.95934913,-4.910255129,6.118510974,1
0.945164026,-0.311755777,-0.097330876,0,0.030909998,0.3820668,-0.923617633,0,0.325130029,0.869961664,0.370752165,0,-10.99432361,-4.896671373,6.060246307,1
0.94806364,-0.308199068,-0.078668093,0,0.048578178,0.384712665,-0.921757195,0,0.31434932,0.870062929,0.379703839,0,-10.99108967,-4.928044209,5.878355311,1
0.950606017,-0.304583262,-0.059810014,0,0.066262589,0.38737272,-0.919538822,0,0.303244902,0.87015597,0.388421314,0,-10.98330574,-4.9596814,5.696271794,1
0.952778339,-0.300916251,-0.040778016,0,0.083941935,0.390042032,-0.916962903,0,0.291834179,0.870239406,0.396883092,0,-10.9709853,-4.991514076,5.514291889,1
0.954567876,-0.297209993,-0.021596058,0,0.1015951,0.392715231,-0.914031281,0,0.280140331,0.870310845,0.405068423,0,-10.95419477,-5.023443409,5.332722602,1
0.955963647,-0.293476174,-0.002289345,0,0.119200816,0.395386994,-0.910747106,0,0.268187753,0.870368233,0.412958192,0,-10.93301929,-5.055375018,5.151867273,1
0.956956382,-0.289726662,0.01711562,0,0.136737687,0.398051616,-0.907115051,0,0.256002516,0.870409888,0.420534587,0,-10.90756662,-5.087215503,4.972029664,1
0.957538667,-0.285973352,0.036591564,0,0.154184734,0.400703415,-0.903141097,0,0.243611922,0.870434383,0.427781739,0,-10.87796593,-5.118873631,4.793504945,1
0.957705436,-0.282226188,0.056113078,0,0.171523379,0.403338467,-0.898831359,0,0.231041185,0.870440383,0.434687832,0,-10.84434808,-5.150274917,4.616543621,1
0.957453202,-0.278495022,0.075656381,0,0.18873753,0.405953374,-0.894192375,0,0.218315162,0.870426551,0.44124382,0,-10.80685754,-5.181347285,4.441365424,1
0.956779968,-0.274789554,0.095198703,0,0.205812561,0.408544042,-0.889231666,0,0.20545871,0.870392134,0.447441897,0,-10.76565158,-5.212022019,4.268177645,1
0.955685741,-0.271118295,0.11471545,0,0.222731867,0.411104309,-0.883959141,0,0.192497479,0.870337933,0.45327321,0,-10.72089682,-5.242242326,4.097214594,1
0.95417231,-0.267488645,0.134182813,0,0.239479909,0.413628271,-0.878385466,0,0.179456333,0.870265177,0.458730799,0,-10.6727654,-5.271961559,3.928692844,1
0.952243344,-0.263906633,0.153577026,0,0.256041202,0.4161097,-0.872522562,0,0.166359601,0.870175848,0.463808663,0,-10.62143399,-5.301145148,3.762824835,1
0.949904346,-0.260376515,0.172875111,0,0.272400743,0.418541959,-0.866383555,0,0.153230443,0.870072812,0.468501582,0,-10.5670795,-5.329773371,3.599816795,1
0.947161615,-0.256903259,0.192056218,0,0.288546775,0.420920211,-0.859980776,0,0.14009152,0.869957982,0.472808074,0,-10.50989009,-5.357821297,3.439828612,1
0.944022616,-0.253491282,0.211100619,0,0.304468854,0.423240135,-0.853326728,0,0.126964632,0.869833294,0.476728459,0,-10.45005674,-5.385268747,3.282999457,1
0.940496031,-0.25014378,0.229989791,0,0.320157524,0.425498079,-0.846434016,0,0.11386999,0.869700795,0.480264669,0,-10.38776572,-5.412104975,3.129448809,1
0.936591015,-0.246864003,0.248707528,0,0.335605835,0.427691157,-0.8393146,0,0.100826551,0.869562211,0.483420695,0,-10.32320396,-5.438318888,2.979264042,1
0.932317096,-0.24365301,0.267241545,0,0.350809357,0.429815371,-0.831980494,0,0.087850028,0.869420472,0.486199974,0,-10.25654061,-5.463916444,2.832518978,1
0.927684787,-0.240512444,0.285577837,0,0.365762651,0.431867104,-0.824444351,0,0.074957452,0.869278189,0.488607011,0,-10.18795762,-5.488899452,2.689288531,1
0.924783608,-0.237086137,0.297599466,0,0.374116148,0.423976717,-0.824791399,0,0.069371363,0.874090331,0.48078447,0,-10.16556185,-5.504648336,2.700528158,1
0.921730179,-0.233618996,0.309573322,0,0.382518421,0.415942357,-0.82502825,0,0.063977614,0.878870935,0.472750193,0,-10.14432291,-5.519772869,2.713485739,1
0.918517484,-0.230071172,0.321547643,0,0.390994397,0.407755968,-0.825141474,0,0.058728295,0.883630198,0.464487525,0,-10.1238724,-5.534527764,2.728024947,1
0.915141068,-0.226431929,0.333534716,0,0.39955142,0.399396094,-0.825131155,0,0.053623576,0.888375676,0.455974967,0,-10.10421692,-5.548953343,2.744276404,1
0.91160121,-0.222721492,0.345511753,0,0.408181089,0.390860039,-0.824994927,0,0.048697364,0.893097736,0.447219185,0,-10.08562537,-5.562859018,2.762279747,1
0.907896253,-0.218953662,0.357468443,0,0.416881947,0.382138063,-0.824730224,0,0.043975405,0.897791621,0.438219544,0,-10.06831089,-5.576101725,2.782079227,1
0.90403115,-0.215132695,0.369385439,0,0.42564076,0.373249499,-0.82432685,0,0.039466727,0.902442649,0.428998417,0,-10.05232764,-5.588602534,2.80353106,1
0.900011694,-0.211275007,0.381237226,0,0.434442183,0.364199084,-0.823783356,0,0.035198586,0.907040186,0.41957021,0,-10.03788757,-5.600206172,2.826624161,1
0.895834474,-0.207361105,0.39304194,0,0.443294894,0.354993457,-0.823085222,0,0.031148544,0.911581602,0.409937496,0,-10.02480562,-5.611008469,2.851193645,1
0.891497463,-0.203364703,0.40481486,0,0.45220352,0.345658929,-0.822211579,0,0.027280943,0.916058242,0.400116293,0,-10.01277109,-5.621157335,2.876944972,1
0.887000723,-0.199322535,0.416533604,0,0.461161896,0.336168771,-0.821170057,0,0.023652108,0.920467862,0.390101901,0,-10.00226121,-5.630357686,2.90405396,1
0.882352891,-0.195307439,0.428145279,0,0.470147256,0.326476084,-0.81998471,0,0.02036992,0.924807207,0.379890373,0,-9.994191907,-5.63805467,2.932899538,1
0.877538138,-0.191244387,0.439718547,0,0.479192698,0.316575139,-0.818629672,0,0.01735437,0.929088675,0.369449672,0,-9.987896523,-5.644701081,2.963336883,1
0.872542417,-0.187074413,0.451301334,0,0.488321882,0.306474267,-0.817077269,0,0.014542005,0.933314892,0.358764327,0,-9.982828965,-5.650638585,2.995166008,1
0.867379795,-0.182785008,0.462862757,0,0.497504252,0.296239451,-0.815310804,0,0.011908382,0.937460308,0.347888433,0,-9.978722669,-5.655950122,3.02798956,1
0.862070167,-0.178350465,0.474369201,0,0.506701765,0.285969242,-0.813311081,0,0.009399409,0.941494931,0.336896047,0,-9.975048859,-5.660862691,3.061237851,1
0.856626077,-0.173775488,0.485791976,0,0.515890099,0.275700792,-0.811077357,0,0.007012131,0.945405285,0.325821541,0,-9.971748327,-5.665376175,3.094737301,1
0.851058841,-0.169073417,0.497104646,0,0.525048754,0.265448749,-0.808616576,0,0.004759761,0.949184461,0.314684292,0,-9.968914039,-5.669423575,3.128465447,1
0.845387402,-0.16426209,0.508269718,0,0.534147092,0.255247584,-0.805937687,0,0.002650391,0.952820359,0.30352321,0,-9.966594489,-5.672941286,3.162288502,1
0.83963714,-0.159400226,0.519231202,0,0.543147225,0.245088593,-0.803070778,0,0.000752019,0.956307037,0.292363276,0,-9.965378494,-5.675559286,3.196367379,1
0.833550761,-0.161667377,0.528258259,0,0.552436668,0.239395825,-0.79843808,0,0.002618568,0.957367901,0.288859559,0,-9.995848165,-5.638635142,3.161835787,1
0.827348704,-0.163982461,0.537218647,0,0.561669708,0.233680995,-0.793675205,0,0.004611025,0.958385593,0.28543965,0,-10.02664593,-5.601039048,3.126384264,1
0.821034636,-0.166346407,0.5461053,0,0.570838898,0.227971456,-0.788778783,0,0.006714096,0.959352849,0.282129461,0,-10.05762729,-5.562802292,3.089804575,1
0.814610232,-0.168744137,0.554919441,0,0.579940589,0.222300615,-0.78374189,0,0.008892916,0.96026447,0.27894993,0,-10.08847788,-5.524073966,3.051880117,1
0.808078078,-0.171153385,0.563663321,0,0.588970764,0.216708166,-0.778557005,0,0.011102222,0.961116064,0.275921459,0,-10.11879352,-5.485068745,3.012391557,1
0.801440583,-0.173570441,0.572334075,0,0.597925873,0.211206567,-0.7732247,0,0.013328238,0.961907006,0.273051772,0,-10.14844985,-5.445845983,2.971284924,1
0.794702699,-0.175991601,0.58092562,0,0.606799622,0.205818999,-0.767745244,0,0.015551185,0.962634664,0.270356551,0,-10.17727258,-5.406485571,2.928450747,1
0.787867779,-0.178410678,0.589435317,0,0.615588773,0.200575382,-0.762115463,0,0.017743323,0.96329598,0.267854491,0,-10.20502118,-5.367099878,2.88372346,1
0.780933983,-0.180799215,0.597874366,0,0.624297857,0.195503225,-0.756327095,0,0.019856978,0.963893217,0.265547675,0,-10.2312799,-5.327948314,2.836999833,1
0.773906669,-0.183165151,0.606233449,0,0.632920918,0.190596355,-0.750389326,0,0.021899288,0.964429135,0.263432846,0,-10.25611609,-5.288993492,2.788388329,1
0.766795244,-0.185528867,0.614494991,0,0.641447241,0.185854717,-0.744314088,0,0.023884956,0.964902619,0.261519493,0,-10.27966827,-5.250123969,2.737935369,1
0.759607601,-0.187909147,0.622644718,0,0.6498686,0.181275012,-0.738112574,0,0.025828175,0.965313173,0.259814132,0,-10.30207292,-5.21122885,2.685695518,1
0.752347225,-0.190340153,0.630669706,0,0.658180689,0.176811475,-0.731803172,0,0.027781887,0.965664708,0.258301836,0,-10.32380371,-5.172005008,2.63193414,1
0.745014299,-0.192880521,0.638553677,0,0.666380351,0.172373618,-0.725413374,0,0.029848302,0.96596296,0.256952599,0,-10.34576073,-5.131882319,2.57709985,1
0.737609735,-0.195558983,0.646288297,0,0.674465107,0.167920744,-0.718957192,0,0.032073325,0.966208729,0.255757686,0,-10.36835089,-5.090573555,2.52136497,1
0.730133957,-0.198402778,0.653865998,0,0.682432227,0.163406631,-0.712449667,0,0.034505953,0.966402924,0.25470518,0,-10.3920053,-5.047778676,2.464930696,1
0.722576574,-0.201394839,0.661304176,0,0.690292174,0.158802135,-0.705888516,0,0.03714579,0.966551603,0.253767984,0,-10.41671126,-5.003522614,2.407947488,1
0.714932842,-0.204488776,0.668621994,0,0.698052582,0.154152671,-0.699256425,0,0.039920224,0.966654693,0.252952725,0,-10.44182806,-4.958198579,2.350198068,1
0.707192209,-0.207635632,0.675845118,0,0.70572763,0.149505011,-0.692529252,0,0.042751517,0.966713865,0.252262981,0,-10.46666502,-4.912233159,2.291435051,1
0.699342822,-0.210798677,0.682995999,0,0.713330302,0.14486406,-0.685692558,0,0.045601511,0.966735911,0.251678724,0,-10.4908748,-4.865881304,2.231674777,1
0.683923364,-0.209192635,0.698918646,0,0.72874689,0.150844855,-0.667962424,0,0.034304538,0.966169898,0.255614803,0,-10.38670815,-4.897535283,2.031502019,1
0.667953015,-0.207714279,0.714628258,0,0.743846837,0.156619088,-0.649740213,0,0.023035894,0.965569904,0.259121801,0,-10.27894119,-4.927495855,1.834361657,1
0.651452563,-0.206344917,0.730089949,0,0.758597513,0.162183775,-0.631051691,0,0.011805565,0.964944661,0.262187777,0,-10.1676404,-4.955919907,1.640625653,1
0.634433873,-0.205065112,0.745279787,0,0.772976888,0.167530737,-0.611915176,0,0.000625182,0.964303765,0.264797766,0,-10.05288367,-4.982956461,1.450611739,1
0.616913774,-0.203861969,0.760169516,0,0.786960871,0.172653244,-0.592354155,0,-0.010487248,0.963655102,0.266943557,0,-9.934822572,-5.008712452,1.264617146,1
0.598908581,-0.202723242,0.774733373,0,0.800528482,0.177540894,-0.57239268,0,-0.021509556,0.963007019,0.268616494,0,-9.813654646,-5.033282506,1.082933398,1
0.580437649,-0.201637944,0.788945039,0,0.813659159,0.182184412,-0.552057618,0,-0.032417725,0.962367383,0.269811252,0,-9.689610948,-5.056755395,0.905834656,1
0.561519292,-0.200605522,0.802778618,0,0.826335714,0.186584425,-0.531371377,0,-0.043189955,0.961739922,0.270538261,0,-9.562909655,-5.079169524,0.733436833,1
0.542177265,-0.199606322,0.816211449,0,0.838539,0.190743949,-0.510361726,0,-0.053815968,0.961131657,0.270794718,0,-9.433684625,-5.100693656,0.565978739,1
0.522446516,-0.198612494,0.829218134,0,0.850245142,0.194667921,-0.489068092,0,-0.064287137,0.960550612,0.270572886,0,-9.302092578,-5.121552078,0.403798632,1
0.502357806,-0.197593637,0.841779894,0,0.86143619,0.19835914,-0.467526836,0,-0.074594408,0.96000542,0.269861572,0,-9.168296078,-5.141978742,0.247222164,1
0.48194666,-0.196532989,0.853874816,0,0.872094649,0.201826895,-0.445776657,0,-0.084725084,0.959500228,0.268665167,0,-9.032514709,-5.162126594,0.096460011,1
0.461258151,-0.195417498,0.865478434,0,0.88220148,0.205083775,-0.423864594,0,-0.094665026,0.959037354,0.266994168,0,-8.895021708,-5.182126434,-0.048288415,1
0.440332385,-0.194227703,0.876574577,0,0.891743282,0.208146818,-0.401831832,0,-0.104409335,0.95861906,0.264855034,0,-8.756002909,-5.202156256,-0.186847345,1
0.419203842,-0.192950143,0.887151836,0,0.900712903,0.21102932,-0.379714225,0,-0.113949134,0.958246768,0.262256985,0,-8.615676772,-5.222343814,-0.319109886,1
0.39791719,-0.191568326,0.897197574,0,0.909101224,0.213745968,-0.357557863,0,-0.123275603,0.957921833,0.259208194,0,-8.474304149,-5.242836571,-0.444916994,1
0.376547892,-0.190062392,0.906690671,0,0.91689057,0.21631447,-0.335439611,0,-0.132375857,0.957645204,0.255719172,0,-8.332296268,-5.263805539,-0.563972024,1
0.355150146,-0.188425819,0.915622239,0,0.924078295,0.218749043,-0.313413722,0,-0.141236251,0.957415566,0.251808964,0,-8.190025844,-5.285323605,-0.676199,1
0.333738487,-0.186668643,0.923998615,0,0.930679395,0.221061628,-0.291492059,0,-0.149848211,0.95722859,0.247505433,0,-8.047695608,-5.307348561,-0.781832867,1
0.312350191,-0.184793013,0.931820208,0,0.936702068,0.22326051,-0.269710921,0,-0.158197961,0.957082174,0.24283146,0,-7.905638119,-5.329882026,-0.880943587,1
0.297217194,-0.170147448,0.939527427,0,0.938882958,0.231057454,-0.255169051,0,-0.173668452,0.957946919,0.228422787,0,-7.736556508,-5.435100907,-0.907058453,1
0.281795442,-0.155815048,0.946738084,0,0.940772756,0.23873988,-0.240727835,0,-0.188515118,0.958501403,0.213862363,0,-7.570449646,-5.535609097,-0.92889453,1
0.265948452,-0.141693401,0.953516859,0,0.942427002,0.246244391,-0.226263222,0,-0.202738173,0.958794389,0.199024002,0,-7.406869998,-5.632085617,-0.946107055,1
0.249673952,-0.127701265,0.959872546,0,0.943823753,0.253691407,-0.211748418,0,-0.216470876,0.958818573,0.183867624,0,-7.244538985,-5.725308399,-0.95848434,1
0.23317839,-0.113675741,0.965766879,0,0.944879178,0.261231203,-0.197386925,0,-0.229850339,0.95855938,0.168323312,0,-7.082915179,-5.816497343,-0.964456241,1
0.216544053,-0.099707597,0.971167889,0,0.945593363,0.268842376,-0.183240194,0,-0.242820644,0.958009484,0.15249906,0,-6.922886447,-5.905073066,-0.964592924,1
0.199828612,-0.085876326,0.976060337,0,0.945984711,0.276468022,-0.169346861,0,-0.255306585,0.957178504,0.136483913,0,-6.765472932,-5.990536162,-0.959475364,1
0.182979889,-0.072307084,0.980454,0,0.946121609,0.28395936,-0.155630915,0,-0.267155873,0.956106044,0.120370147,0,-6.61203503,-6.072092356,-0.950258556,1
0.165911371,-0.059058627,0.984370609,0,0.946068651,0.291194661,-0.141985131,0,-0.278258019,0.954839121,0.104186021,0,-6.463380231,-6.149428165,-0.937699571,1
0.148609994,-0.046084131,0.987821503,0,0.94583724,0.29817727,-0.12838314,0,-0.288629494,0.953397382,0.087900209,0,-6.319340915,-6.222959397,-0.921671697,1
0.131105077,-0.0332702,0.990810049,0,0.945398018,0.305009985,-0.114854242,0,-0.298385735,0.95176783,0.071441939,0,-6.178920346,-6.293505192,-0.901452223,1
0.113463727,-0.020548651,0.993329621,0,0.944726115,0.3117658,-0.101462573,0,-0.307601285,0.949936755,0.054786957,0,-6.041676565,-6.361547046,-0.876545478,1
0.095830067,-0.008005946,0.995365512,0,0.943839137,0.318385458,-0.088308455,0,-0.316202911,0.947927532,0.038067224,0,-5.909021364,-6.426652737,-0.847680905,1
0.078155623,0.004299417,0.9969319,0,0.942774211,0.324815468,-0.075310683,0,-0.324142694,0.945767639,0.021332776,0,-5.781289386,-6.488582428,-0.815679239,1
0.060513425,0.016402397,0.998032608,0,0.941515811,0.331116548,-0.062528469,0,-0.331490728,0.943447292,0.00459388,0,-5.658149513,-6.547639313,-0.78042619,1
0.042933535,0.028337317,0.998675978,0,0.940057454,0.337332856,-0.049985279,0,-0.338302668,0.940958841,-0.012155814,0,-5.539207083,-6.604083303,-0.741800851,1
0.025464826,0.040076206,0.998872084,0,0.938411899,0.343455327,-0.037703408,0,-0.344578947,0.93831356,-0.028861958,0,-5.42471896,-6.657845179,-0.700232843,1
0.008146009,0.051585553,0.998635356,0,0.936588235,0.349488688,-0.025693085,0,-0.350337153,0.935519421,-0.045467484,0,-5.31473358,-6.708848383,-0.656247573,1
-0.009034279,0.062874326,0.997980561,0,0.934595866,0.355438388,-0.013932685,0,-0.355596611,0.932582635,-0.061973215,0,-5.20905185,-6.757209841,-0.6099829,1
-0.026074286,0.073905187,0.996924348,0,0.93245055,0.36128968,-0.002395567,0,-0.360355523,0.929520194,-0.078333303,0,-5.107756164,-6.802849815,-0.562024449,1
-0.041740699,0.084531002,0.995546194,0,0.930930184,0.365108894,0.008030422,0,-0.362803951,0.927119197,-0.093932362,0,-5.021453966,-6.840261863,-0.513341142,1
-0.057524549,0.095048235,0.993809217,0,0.929233635,0.369029639,0.018492614,0,-0.364987366,0.924544731,-0.10955028,0,-4.936171711,-6.875998264,-0.462754976,1
-0.07345848,0.105505846,0.991701754,0,0.927379485,0.372995479,0.029011428,0,-0.366839395,0.921814997,-0.125243638,0,-4.852414437,-6.910247014,-0.409785807,1
-0.089457371,0.115979256,0.989214937,0,0.925379027,0.376980799,0.03948588,0,-0.368335494,0.918931058,-0.141048482,0,-4.770851481,-6.943287775,-0.353697483,1
-0.105532021,0.126516088,0.986334969,0,0.923238742,0.380970837,0.049914392,0,-0.369449886,0.915890223,-0.157009177,0,-4.691678715,-6.975273426,-0.294022889,1
-0.121648885,0.137168248,0.983049551,0,0.920956969,0.384978526,0.060247786,0,-0.370188884,0.912675411,-0.173158262,0,-4.614992725,-7.006351847,-0.230229559,1
-0.137827338,0.147932466,0.979346522,0,0.918509336,0.389064063,0.070496488,0,-0.370599818,0.909255267,-0.189501015,0,-4.540190052,-7.036449408,-0.162250097,1
-0.154091553,0.158814893,0.975209528,0,0.915903461,0.393205496,0.08068635,0,-0.370643552,0.905630867,-0.206048756,0,-4.467521836,-7.065524632,-0.089994001,1
-0.170403271,0.169756852,0.970641714,0,0.913159194,0.397356851,0.090817512,0,-0.370274239,0.901826006,-0.222725938,0,-4.397648222,-7.093338814,-0.014145814,1
-0.186714555,0.180656863,0.965660796,0,0.91028339,0.401502993,0.100893489,0,-0.369488599,0.897863266,-0.239415395,0,-4.330857787,-7.119550522,0.06414957,1
-0.203062735,0.191520525,0.960252787,0,0.907200279,0.405817554,0.110904316,0,-0.368446984,0.893662129,-0.256153896,0,-4.265264081,-7.144118453,0.145318721,1
-0.21946023,0.202356603,0.954405057,0,0.90388395,0.410355938,0.120837945,0,-0.367193426,0.889190536,-0.272963694,0,-4.200324591,-7.167006313,0.22966026,1
-0.235944643,0.213218246,0.948086549,0,0.900326672,0.415125772,0.130699952,0,-0.365707546,0.884425561,-0.289912776,0,-4.136025755,-7.188290184,0.317897979,1
-0.252538734,0.224067453,0.941285273,0,0.896500616,0.420173018,0.140503668,0,-0.364020374,0.879345445,-0.306986571,0,-4.071893953,-7.20776445,0.409897751,1
-0.269169678,0.234815739,0.934028508,0,0.892416788,0.425474133,0.150213312,0,-0.362132519,0.873975589,-0.324078243,0,-4.008321398,-7.225136549,0.504710212,1
-0.285694781,0.245353713,0.926380077,0,0.888127622,0.43093488,0.159763748,0,-0.360010859,0.868387405,-0.341021256,0,-3.946489164,-7.240159858,0.600790965,1
-0.302083022,0.25572447,0.918341354,0,0.883678149,0.436468181,0.169140343,0,-0.357573456,0.862612614,-0.357827754,0,-3.88745123,-7.252995422,0.69829624,1
-0.318325299,0.265952785,0.909911051,0,0.879084473,0.442047898,0.178337167,0,-0.354795001,0.856657909,-0.374509993,0,-3.831533856,-7.263724772,0.797369481,1
-0.334380489,0.276060342,0.901099537,0,0.874379205,0.447624972,0.187330962,0,-0.351640006,0.850542516,-0.39105848,0,-3.779365348,-7.272443695,0.897969205,1
-0.350214683,0.286099752,0.891906165,0,0.869586215,0.453179183,0.196082744,0,-0.348094083,0.844260363,-0.407498404,0,-3.731320417,-7.279280006,1.000473115,1
-0.35954943,0.300150018,0.883535044,0,0.867277213,0.45687479,0.197726227,0,-0.344317357,0.837362163,-0.424582342,0,-3.710126768,-7.304836896,1.154967062,1
-0.368841945,0.314300018,0.874740601,0,0.864905795,0.460735689,0.199149668,0,-0.340431469,0.830022966,-0.441778554,0,-3.689841433,-7.327562508,1.313339554,1
-0.378079711,0.328537704,0.865516441,0,0.862469823,0.464773886,0.200327328,0,-0.33645436,0.82222151,-0.459075432,0,-3.670355667,-7.347253941,1.475614696,1
-0.387269711,0.342838617,0.855852706,0,0.859955254,0.469016747,0.201246744,0,-0.332414097,0.813931799,-0.47646185,0,-3.651331862,-7.363663473,1.641787949,1
-0.396423971,0.35716673,0.845742255,0,0.857351528,0.473476912,0.201910802,0,-0.32832361,0.805140696,-0.493915039,0,-3.632558826,-7.376546152,1.811681787,1
-0.405530136,0.371492423,0.835187816,0,0.85466415,0.478142672,0.202308614,0,-0.324182817,0.795847325,-0.511402519,0,-3.614117409,-7.385708327,1.985034435,1
-0.414562162,0.385788823,0.824199732,0,0.851910536,0.482981836,0.202427728,0,-0.319979145,0.786063312,-0.528883557,0,-3.596310234,-7.391004234,2.161480015,1
-0.42350542,0.400033584,0.812783053,0,0.849103879,0.487967009,0.202264188,0,-0.315698847,0.775797223,-0.546326741,0,-3.579378628,-7.392301477,2.340729486,1
-0.432338028,0.414191084,0.800955414,0,0.846261984,0.493060635,0.201821369,0,-0.311326973,0.76507317,-0.563683031,0,-3.563627704,-7.389503404,2.522248641,1
-0.441042389,0.428239095,0.788728653,0,0.843398875,0.498235294,0.201096818,0,-0.306854933,0.75390508,-0.580919255,0,-3.549271315,-7.382524567,2.705694072,1
-0.449582025,0.442161712,0.776124361,0,0.840541251,0.503446189,0.200080833,0,-0.302268768,0.742317287,-0.597995516,0,-3.536708856,-7.371338322,2.890641933,1
-0.457910515,0.455958941,0.763164075,0,0.837722523,0.508643344,0.198753422,0,-0.297554928,0.730331016,-0.61488021,0,-3.526409636,-7.355948888,3.07678031,1
-0.466016167,0.469604498,0.74986702,0,0.834951761,0.513808311,0.197120717,0,-0.292719131,0.717964229,-0.631540082,0,-3.518413945,-7.33632158,3.26369792,1
-0.473901951,0.483059512,0.736254337,0,0.832226193,0.518938633,0.195198,0,-0.287778568,0.705234857,-0.64794081,0,-3.512545638,-7.312418099,3.450932313,1
-0.481546214,0.496292213,0.722362294,0,0.829560786,0.524005794,0.192994378,0,-0.28274042,0.692179144,-0.664037564,0,-3.508902357,-7.284301362,3.63787665,1
-0.488922304,0.509276686,0.708231768,0,0.826975302,0.528974465,0.190519987,0,-0.277609133,0.678839651,-0.679786656,0,-3.507649685,-7.252092977,3.823908618,1
-0.49600602,0.521991291,0.693904259,0,0.824485123,0.533819722,0.187778555,0,-0.272401008,0.665253032,-0.69515185,0,-3.508815966,-7.215922488,4.008491592,1
-0.502780816,0.534413776,0.679421347,0,0.822098721,0.53852831,0.184772702,0,-0.267142552,0.651451591,-0.710102585,0,-3.512276316,-7.175921024,4.191143183,1
-0.509238967,0.546520702,0.664823884,0,0.819818537,0.543095274,0.181507822,0,-0.261864926,0.6374658,-0.724613079,0,-3.517799647,-7.132227953,4.371416776,1
-0.515350044,0.558305391,0.650161074,0,0.817660724,0.54750165,0.177968772,0,-0.256603336,0.623327389,-0.73865939,0,-3.525277852,-7.085024457,4.548915548,1
-0.521378497,0.56077376,0.643193014,0,0.81516802,0.550185804,0.181098539,0,-0.252320357,0.61873126,-0.743979883,0,-3.519717642,-7.072282147,4.600159187,1
-0.527315418,0.563231526,0.636167194,0,0.812664148,0.55288082,0.184118936,0,-0.248023051,0.614079024,-0.749260648,0,-3.514670521,-7.059032148,4.651731808,1
-0.533152719,0.56567339,0.629096013,0,0.810154571,0.555580689,0.187028526,0,-0.243716536,0.609379778,-0.754492237,0,-3.510150289,-7.045307269,4.703494736,1
-0.538886364,0.568095597,0.621987845,0,0.807643602,0.558279961,0.189829652,0,-0.239401961,0.604641115,-0.759668233,0,-3.506182059,-7.031136637,4.755341457,1
-0.544511251,0.570495237,0.614851756,0,0.805136557,0.560971786,0.192524752,0,-0.235080034,0.599871519,-0.76478202,0,-3.502803824,-7.016556262,4.807160116,1
-0.550023677,0.572871669,0.607694007,0,0.80263856,0.563649461,0.195116955,0,-0.230749424,0.595077588,-0.769829441,0,-3.50006426,-7.001596734,4.858871651,1
-0.555434325,0.575221894,0.600510186,0,0.80014436,0.566320244,0.197611701,0,-0.226410498,0.59025516,-0.774814257,0,-3.49788837,-6.986233832,4.910509961,1
-0.560752561,0.577536603,0.593302653,0,0.797648821,0.568989512,0.200018235,0,-0.222065135,0.585407899,-0.779733716,0,-3.496195167,-6.970475248,4.962004861,1
-0.565984617,0.579818547,0.586064729,0,0.795150454,0.57165927,0.202339898,0,-0.217708909,0.580530905,-0.784593334,0,-3.494988457,-6.954297914,5.013425315,1
-0.571136082,0.582070576,0.578789617,0,0.792647963,0.574331279,0.204579541,0,-0.21333725,0.575619168,-0.789398373,0,-3.494277028,-6.937677262,5.064840265,1
-0.576212188,0.584292344,0.571473508,0,0.790139495,0.577007673,0.206740716,0,-0.208947581,0.57067031,-0.794151312,0,-3.494051666,-6.920598127,5.116276995,1
-0.581217213,0.586484228,0.564112402,0,0.78762375,0.579689942,0.208826242,0,-0.204536988,0.565681732,-0.798854679,0,-3.494313017,-6.903044373,5.167767022,1
-0.586154655,0.588647883,0.556701348,0,0.785099979,0.582379038,0.210838038,0,-0.200101831,0.560649914,-0.803511625,0,-3.495074092,-6.884995801,5.219355459,1
-0.591024779,0.590783833,0.549239633,0,0.782570568,0.585069884,0.212782839,0,-0.195634907,0.555578702,-0.808120838,0,-3.496406922,-6.866470285,5.271009324,1
-0.595827246,0.592892796,0.541726892,0,0.780037829,0.587758081,0.214665843,0,-0.191130526,0.550471227,-0.812681088,0,-3.498372772,-6.847482648,5.322700375,1
-0.600560607,0.594970685,0.534169299,0,0.777502624,0.590442623,0.216488287,0,-0.186592138,0.545332369,-0.817187849,0,-3.500951582,-6.828053395,5.374354457,1
-0.60523309,0.596999493,0.526578116,0,0.774958374,0.593126959,0.218265731,0,-0.182023147,0.540177763,-0.821629818,0,-3.50404973,-6.808247202,5.425759545,1
-0.609843889,0.598978785,0.518955535,0,0.772406239,0.595809278,0.219999787,0,-0.177423318,0.535010018,-0.826005597,0,-3.507678172,-6.78807803,5.476887393,1
-0.614389734,0.600910572,0.51130396,0,0.769849301,0.598486198,0.221689704,0,-0.172792677,0.529830874,-0.830314359,0,-3.51186471,-6.767557986,5.527722661,1
-0.618868732,0.602796835,0.503624332,0,0.767289748,0.601155397,0.223335244,0,-0.168130707,0.524640986,-0.83455611,0,-3.516631816,-6.7466935,5.578262358,1
-0.623591038,0.604013612,0.496287995,0,0.7638712,0.605791023,0.222526461,0,-0.1662378,0.517865613,-0.839154456,0,-3.492505879,-6.717971869,5.64752751,1
-0.628362087,0.605183036,0.488788891,0,0.760390406,0.610456705,0.221695833,0,-0.164217899,0.51097564,-0.843763224,0,-3.46903682,-6.688113936,5.71775046,1
-0.633178698,0.606301544,0.481126983,0,0.756847906,0.61515007,0.220843017,0,-0.162067835,0.503973044,-0.848377974,0,-3.446270096,-6.657111501,5.78889305,1
-0.638038166,0.607364628,0.473302764,0,0.75324371,0.619869245,0.219968253,0,-0.15978489,0.496860471,-0.852993822,0,-3.424242871,-6.624959658,5.860908422,1
-0.642938012,0.60836813,0.465315947,0,0.749577554,0.624612941,0.21907114,0,-0.157366463,0.489639553,-0.857606498,0,-3.40298947,-6.591648103,5.933761657,1
-0.647872997,0.609310107,0.457167118,0,0.745851272,0.629378373,0.218148443,0,-0.154811045,0.482311162,-0.862211971,0,-3.382555638,-6.557164635,6.007426341,1
-0.652839901,0.610184007,0.44886027,0,0.742064842,0.634163419,0.217201585,0,-0.15211783,0.474881286,-0.866803282,0,-3.362964185,-6.521522807,6.081816079,1
-0.657832205,0.610985363,0.440401721,0,0.738220849,0.638963754,0.216229737,0,-0.149287532,0.467356617,-0.871373069,0,-3.34424992,-6.484744217,6.156837966,1
-0.662840925,0.611713418,0.431796946,0,0.734324152,0.643773812,0.215228527,0,-0.146321388,0.459741202,-0.875915566,0,-3.326463685,-6.446840067,6.232430863,1
-0.66785658,0.612368911,0.423050712,0,0.730380247,0.648588058,0.214192031,0,-0.143221099,0.452037441,-0.880425959,0,-3.309656336,-6.407814988,6.30855064,1
-0.672866314,0.612944032,0.414186597,0,0.726397,0.653395177,0.213124708,0,-0.139994007,0.444268338,-0.88488831,0,-3.293853209,-6.36779482,6.384924167,1
-0.677861744,0.613433708,0.405219128,0,0.722379179,0.658188398,0.212029135,0,-0.13664471,0.4364483,-0.889292474,0,-3.279071292,-6.326858466,6.46138105,1
-0.682837905,0.613837102,0.396152002,0,0.71832911,0.662965635,0.210902481,0,-0.133175396,0.428579723,-0.893635124,0,-3.265323656,-6.285015485,6.537884225,1
-0.68778444,0.614157372,0.386992618,0,0.714253897,0.667721199,0.209737385,0,-0.129591414,0.420665095,-0.897912548,0,-3.252639078,-6.242281993,6.614392204,1
-0.69269636,0.614394478,0.377744858,0,0.71015666,0.672451937,0.208532758,0,-0.125893887,0.412707909,-0.902121339,0,-3.241043412,-6.198676884,6.690860199,1
-0.697568829,0.614551259,0.368408033,0,0.706041682,0.677152483,0.207291242,0,-0.122077321,0.404711336,-0.906259269,0,-3.230624961,-6.154222155,6.767261941,1
-0.702392864,0.614630367,0.35898994,0,0.701916102,0.681816005,0.206011456,0,-0.118144191,0.396681796,-0.910321648,0,-3.221431991,-6.108961978,6.843523446,1
-0.707168244,0.614629652,0.349490295,0,0.697778996,0.686443654,0.204693874,0,-0.11409447,0.388619995,-0.914306815,0,-3.213462352,-6.062896587,6.9196294,1
-0.711910637,0.61454001,0.339887954,0,0.693614752,0.691050133,0.203342787,0,-0.109917337,0.380513192,-0.918219957,0,-3.206677785,-6.015924332,6.995711276,1
-0.716613145,0.614371509,0.330171544,0,0.689428677,0.69563451,0.201942385,0,-0.105611073,0.372344298,-0.922066172,0,-3.201146048,-5.967939006,7.071927554,1
-0.71491627,0.61384999,0.334787869,0,0.691066081,0.693194164,0.204718153,0,-0.106406761,0.377716879,-0.919786693,0,-3.205561869,-6.005462863,7.006757655,1
-0.713211165,0.613293181,0.339413181,0,0.692708568,0.690716657,0.207521903,0,-0.10716657,0.383121357,-0.917460273,0,-3.210351264,-6.042962791,6.94102346,1
-0.711495305,0.61270234,0.344049811,0,0.694358442,0.688199707,0.210350939,0,-0.107892466,0.388557596,-0.915085903,0,-3.215517498,-6.080434971,6.874714892,1
-0.709768522,0.612073519,0.348704248,0,0.696015742,0.685640744,0.213210828,0,-0.108585138,0.394033981,-0.912659022,0,-3.221055573,-6.117925219,6.807739509,1
-0.708033862,0.611403478,0.353374925,0,0.697677767,0.683040448,0.216105253,0,-0.109241864,0.399551665,-0.910178379,0,-3.226965109,-6.155430617,6.740080271,1
-0.706294012,0.610692819,0.358054533,0,0.699342401,0.680400569,0.219032583,0,-0.109858883,0.405104119,-0.90764623,0,-3.233258903,-6.192902336,6.671798791,1
-0.70455101,0.609940364,0.36274044,0,0.701008039,0.677721394,0.221994239,0,-0.11043371,0.41069023,-0.905062391,0,-3.239943262,-6.230325841,6.602900804,1
-0.702806612,0.609144529,0.367431367,0,0.702673222,0.675003059,0.224991586,0,-0.110964903,0.416309757,-0.902426161,0,-3.247017105,-6.267691862,6.533381185,1
-0.701062412,0.608302818,0.372127903,0,0.704336734,0.67224463,0.228028337,0,-0.111450705,0.421965448,-0.899735462,0,-3.254483843,-6.305009418,6.463204801,1
-0.69932122,0.607412748,0.376828323,0,0.705996227,0.669446654,0.231107129,0,-0.111889043,0.427657493,-0.896989359,0,-3.26233967,-6.342270172,6.392361956,1
-0.697586035,0.606472951,0.381528876,0,0.707649198,0.666610556,0.234228475,0,-0.112277941,0.433383116,-0.894188313,0,-3.27057835,-6.379448049,6.320873002,1
-0.695858631,0.60548275,0.386227142,0,0.709294461,0.66373603,0.23739387,0,-0.112614977,0.439141347,-0.891332006,0,-3.279208494,-6.416530006,6.248741261,1
-0.694140803,0.60444207,0.390919851,0,0.710930659,0.660823741,0.240602539,0,-0.112898822,0.444928947,-0.888421121,0,-3.288228153,-6.453489314,6.175991412,1
-0.692434383,0.603350612,0.395604175,0,0.712556418,0.65787418,0.243854289,0,-0.113128137,0.450743388,-0.885456053,0,-3.297635241,-6.490303754,6.102641248,1
-0.690741048,0.602208031,0.400277768,0,0.714170551,0.654887446,0.247149464,0,-0.113301493,0.456582873,-0.882436882,0,-3.307429919,-6.526955908,6.028701479,1
-0.689057839,0.601015383,0.404944199,0,0.715775505,0.65186134,0.250483969,0,-0.11342275,0.462447081,-0.879362256,0,-3.317601433,-6.563439662,5.954158278,1
-0.687381733,0.599776326,0.409603115,0,0.717373996,0.648794263,0.253851441,0,-0.113494066,0.468331467,-0.876233265,0,-3.328155228,-6.599726321,5.879046702,1
-0.685711392,0.59848978,0.414258216,0,0.718967367,0.645682908,0.257253781,0,-0.11351569,0.474239987,-0.873046747,0,-3.339100296,-6.635833641,5.803313618,1
-0.684046667,0.597153779,0.418912308,0,0.720555685,0.642525586,0.260692108,0,-0.113488599,0.480175213,-0.869800036,0,-3.350428832,-6.671768819,5.726917532,1
-0.68238881,0.595767834,0.42356369,0,0.722137754,0.639323172,0.26416462,0,-0.113413298,0.486134312,-0.866493424,0,-3.362125788,-6.707507482,5.649876045,1
-0.681645895,0.598436853,0.420989558,0,0.723398748,0.637533743,0.265037692,0,-0.109786726,0.485205173,-0.867480729,0,-3.401588385,-6.705540925,5.66126067,1
-0.680883053,0.601090433,0.41843585,0,0.724652331,0.635750924,0.265894267,0,-0.106194478,0.484263414,-0.868453613,0,-3.440812927,-6.703412154,5.672480544,1
-0.680100664,0.603728521,0.415902584,0,0.725898671,0.633974532,0.266734723,0,-0.102636287,0.483309595,-0.869412231,0,-3.479800599,-6.701125202,5.683535531,1
-0.679299156,0.606351058,0.41338971,0,0.727137888,0.632204399,0.267559508,0,-0.099111803,0.482344268,-0.870356742,0,-3.518552908,-6.698684036,5.694425635,1
-0.67847928,0.608958145,0.410896392,0,0.728369801,0.630440875,0.268368657,0,-0.095620601,0.481367096,-0.871287794,0,-3.557069354,-6.696087508,5.705160547,1
-0.677641476,0.611549704,0.408422561,0,0.729594488,0.628683882,0.269162514,0,-0.092162426,0.480378533,-0.872205568,0,-3.595350399,-6.693338983,5.715740929,1
-0.676786162,0.614125577,0.405968307,0,0.730812027,0.626933313,0.269941478,0,-0.08873709,0.479379178,-0.873110149,0,-3.633395981,-6.6904426,5.726165629,1
-0.675913742,0.616685645,0.403533677,0,0.732022506,0.625189056,0.27070592,0,-0.085344384,0.478369585,-0.874001646,0,-3.671206355,-6.687402287,5.736433977,1
-0.675024583,0.619229768,0.40111882,0,0.733226045,0.623450887,0.271456365,0,-0.081984022,0.477350485,-0.874880068,0,-3.708782752,-6.684223042,5.746543397,1
-0.67411903,0.621757913,0.398723753,0,0.734422772,0.621718646,0.272193162,0,-0.07865574,0.476322395,-0.87574554,0,-3.746126335,-6.680908677,5.75649359,1
-0.673197716,0.624269832,0.396348346,0,0.735612545,0.619992431,0.272916781,0,-0.075359261,0.475285769,-0.876598209,0,-3.783235968,-6.677462441,5.766284746,1
-0.672261606,0.6267651,0.393992187,0,0.736794917,0.61827267,0.273627768,0,-0.072094266,0.474240883,-0.877438318,0,-3.820108169,-6.673886347,5.775918951,1
-0.671311032,0.629243564,0.391655506,0,0.737969984,0.61655928,0.274326368,0,-0.068860735,0.473188325,-0.87826591,0,-3.856741862,-6.670184589,5.78539457,1
-0.670346117,0.631704822,0.389339315,0,0.739137979,0.614852052,0.275012731,0,-0.065659208,0.472129191,-0.879080711,0,-3.893132536,-6.666364203,5.794703757,1
